0	3	3
0.01	3.02759	2.53078
0.02	3.05086	2.13491
0.03	3.07049	1.80093
0.04	3.08705	1.51916
0.05	3.10102	1.28143
0.06	3.1128	1.08088
0.07	3.12274	0.911671
0.08	3.13112	0.768917
0.09	3.13819	0.64848
0.1	3.14416	0.546872
0.11	3.14919	0.461147
0.12	3.15342	0.388824
0.13	3.157	0.327808
0.14	3.16001	0.27633
0.15	3.16255	0.232899
0.16	3.16469	0.196258
0.17	3.1665	0.165345
0.18	3.16802	0.139265
0.19	3.1693	0.117262
0.2	3.17037	0.0986985
0.21	3.17128	0.0830371
0.22	3.17204	0.0698241
0.23	3.17268	0.0586767
0.24	3.17322	0.049272
0.25	3.17367	0.0413375
0.26	3.17405	0.0346434
0.27	3.17437	0.0289958
0.28	3.17463	0.024231
0.29	3.17486	0.0202112
0.3	3.17504	0.0168198
0.31	3.17519	0.0139585
0.32	3.17532	0.0115446
0.33	3.17543	0.00950802
0.34	3.17551	0.00778983
0.35	3.17558	0.00634025
0.36	3.17564	0.00511728
0.37	3.17569	0.0040855
0.38	3.17572	0.00321502
0.39	3.17575	0.00248062
0.4	3.17577	0.00186103
0.41	3.17579	0.0013383
0.42	3.1758	0.000897296
0.43	3.17581	0.000525232
0.44	3.17581	0.000211334
0.45	3.17581	-5.34918e-05
0.46	3.17581	-0.000276916
0.47	3.17581	-0.000465411
0.48	3.1758	-0.000624438
0.49	3.17579	-0.000758603
0.5	3.17579	-0.000871792
0.51	3.17578	-0.000967286
0.52	3.17577	-0.00104785
0.53	3.17576	-0.00111582
0.54	3.17574	-0.00117316
0.55	3.17573	-0.00122154
0.56	3.17572	-0.00126235
0.57	3.17571	-0.00129678
0.58	3.17569	-0.00132583
0.59	3.17568	-0.00135033
0.6	3.17567	-0.00137101
0.61	3.17565	-0.00138845
0.62	3.17564	-0.00140316
0.63	3.17562	-0.00141557
0.64	3.17561	-0.00142604
0.65	3.1756	-0.00143488
0.66	3.17558	-0.00144233
0.67	3.17557	-0.00144861
0.68	3.17555	-0.00145391
0.69	3.17554	-0.00145838
0.7	3.17552	-0.00146216
0.71	3.17551	-0.00146534
0.72	3.17549	-0.00146802
0.73	3.17548	-0.00147028
0.74	3.17546	-0.00147219
0.75	3.17545	-0.0014738
0.76	3.17543	-0.00147515
0.77	3.17542	-0.00147629
0.78	3.17541	-0.00147726
0.79	3.17539	-0.00147807
0.8	3.17538	-0.00147875
0.81	3.17536	-0.00147933
0.82	3.17535	-0.00147981
0.83	3.17533	-0.00148022
0.839999	3.17532	-0.00148056
0.849999	3.1753	-0.00148085
0.859999	3.17529	-0.00148109
0.869999	3.17527	-0.00148129
0.879999	3.17526	-0.00148146
0.889999	3.17524	-0.00148161
0.899999	3.17523	-0.00148173
0.909999	3.17521	-0.00148183
0.919999	3.1752	-0.00148191
0.929999	3.17518	-0.00148198
0.939999	3.17517	-0.00148203
0.949999	3.17515	-0.00148208
0.959999	3.17514	-0.00148212
0.969999	3.17512	-0.00148215
0.979999	3.17511	-0.00148218
0.989999	3.17509	-0.0014822
0.999999	3.17508	-0.00148221
1.01	3.17507	-0.00148223
1.02	3.17505	-0.00148224
1.03	3.17504	-0.00148224
1.04	3.17502	-0.00148225
1.05	3.17501	-0.00148225
1.06	3.17499	-0.00148225
1.07	3.17498	-0.00148225
1.08	3.17496	-0.00148225
1.09	3.17495	-0.00148225
1.1	3.17493	-0.00148225
1.11	3.17492	-0.00148224
1.12	3.1749	-0.00148224
1.13	3.17489	-0.00148223
1.14	3.17487	-0.00148223
1.15	3.17486	-0.00148222
1.16	3.17484	-0.00148222
1.17	3.17483	-0.00148221
1.18	3.17481	-0.00148221
1.19	3.1748	-0.0014822
1.2	3.17478	-0.0014822
1.21	3.17477	-0.00148219
1.22	3.17475	-0.00148218
1.23	3.17474	-0.00148218
1.24	3.17473	-0.00148217
1.25	3.17471	-0.00148216
1.26	3.1747	-0.00148216
1.27	3.17468	-0.00148215
1.28	3.17467	-0.00148214
1.29	3.17465	-0.00148214
1.3	3.17464	-0.00148213
1.31	3.17462	-0.00148212
1.32	3.17461	-0.00148212
1.33	3.17459	-0.00148211
1.34	3.17458	-0.0014821
1.35	3.17456	-0.0014821
1.36	3.17455	-0.00148209
1.37	3.17453	-0.00148208
1.38	3.17452	-0.00148207
1.39	3.1745	-0.00148207
1.4	3.17449	-0.00148206
1.41	3.17447	-0.00148205
1.42	3.17446	-0.00148205
1.43	3.17444	-0.00148204
1.44	3.17443	-0.00148203
1.45	3.17441	-0.00148203
1.46	3.1744	-0.00148202
1.47	3.17439	-0.00148201
1.48	3.17437	-0.00148201
1.49	3.17436	-0.001482
1.5	3.17434	-0.00148199
1.51	3.17433	-0.00148199
1.52	3.17431	-0.00148198
1.53	3.1743	-0.00148197
1.54	3.17428	-0.00148197
1.55	3.17427	-0.00148196
1.56	3.17425	-0.00148195
1.57	3.17424	-0.00148194
1.58	3.17422	-0.00148194
1.59	3.17421	-0.00148193
1.6	3.17419	-0.00148192
1.61	3.17418	-0.00148192
1.62	3.17416	-0.00148191
1.63	3.17415	-0.0014819
1.64	3.17413	-0.0014819
1.65	3.17412	-0.00148189
1.66	3.1741	-0.00148188
1.67	3.17409	-0.00148188
1.68	3.17407	-0.00148187
1.69	3.17406	-0.00148186
1.7	3.17405	-0.00148185
1.71	3.17403	-0.00148185
1.72	3.17402	-0.00148184
1.73	3.174	-0.00148183
1.74	3.17399	-0.00148183
1.75	3.17397	-0.00148182
1.76	3.17396	-0.00148181
1.77	3.17394	-0.00148181
1.78	3.17393	-0.0014818
1.79	3.17391	-0.00148179
1.8	3.1739	-0.00148179
1.81	3.17388	-0.00148178
1.82	3.17387	-0.00148177
1.83	3.17385	-0.00148176
1.84	3.17384	-0.00148176
1.85	3.17382	-0.00148175
1.86	3.17381	-0.00148174
1.87	3.17379	-0.00148174
1.88	3.17378	-0.00148173
1.89	3.17376	-0.00148172
1.9	3.17375	-0.00148172
1.91	3.17373	-0.00148171
1.92	3.17372	-0.0014817
1.93	3.17371	-0.0014817
1.94	3.17369	-0.00148169
1.95	3.17368	-0.00148168
1.96	3.17366	-0.00148168
1.97	3.17365	-0.00148167
1.98	3.17363	-0.00148166
1.99	3.17362	-0.00148165
2	3.1736	-0.00148165
2.01	3.17359	-0.00148164
2.02	3.17357	-0.00148163
2.03	3.17356	-0.00148163
2.04	3.17354	-0.00148162
2.05	3.17353	-0.00148161
2.06	3.17351	-0.00148161
2.07	3.1735	-0.0014816
2.08	3.17348	-0.00148159
2.09	3.17347	-0.00148159
2.1	3.17345	-0.00148158
2.11	3.17344	-0.00148157
2.12	3.17342	-0.00148156
2.13	3.17341	-0.00148156
2.14	3.17339	-0.00148155
2.15	3.17338	-0.00148154
2.16	3.17337	-0.00148154
2.17	3.17335	-0.00148153
2.18	3.17334	-0.00148152
2.19	3.17332	-0.00148152
2.2	3.17331	-0.00148151
2.21	3.17329	-0.0014815
2.22	3.17328	-0.0014815
2.23	3.17326	-0.00148149
2.24	3.17325	-0.00148148
2.25	3.17323	-0.00148148
2.26	3.17322	-0.00148147
2.27	3.1732	-0.00148146
2.28	3.17319	-0.00148145
2.29	3.17317	-0.00148145
2.3	3.17316	-0.00148144
2.31	3.17314	-0.00148143
2.32	3.17313	-0.00148143
2.33	3.17311	-0.00148142
2.34	3.1731	-0.00148141
2.35	3.17308	-0.00148141
2.36	3.17307	-0.0014814
2.37	3.17305	-0.00148139
2.38	3.17304	-0.00148139
2.39	3.17303	-0.00148138
2.4	3.17301	-0.00148137
2.41	3.173	-0.00148136
2.42	3.17298	-0.00148136
2.43	3.17297	-0.00148135
2.44	3.17295	-0.00148134
2.45	3.17294	-0.00148134
2.46	3.17292	-0.00148133
2.47	3.17291	-0.00148132
2.48	3.17289	-0.00148132
2.49	3.17288	-0.00148131
2.5	3.17286	-0.0014813
2.51	3.17285	-0.0014813
2.52	3.17283	-0.00148129
2.53	3.17282	-0.00148128
2.54	3.1728	-0.00148127
2.55	3.17279	-0.00148127
2.56	3.17277	-0.00148126
2.57	3.17276	-0.00148125
2.58	3.17274	-0.00148125
2.59	3.17273	-0.00148124
2.6	3.17271	-0.00148123
2.61	3.1727	-0.00148123
2.62	3.17269	-0.00148122
2.63	3.17267	-0.00148121
2.64	3.17266	-0.00148121
2.65	3.17264	-0.0014812
2.66	3.17263	-0.00148119
2.67	3.17261	-0.00148119
2.68	3.1726	-0.00148118
2.69	3.17258	-0.00148117
2.7	3.17257	-0.00148116
2.71	3.17255	-0.00148116
2.72	3.17254	-0.00148115
2.73	3.17252	-0.00148114
2.74	3.17251	-0.00148114
2.75	3.17249	-0.00148113
2.76	3.17248	-0.00148112
2.77	3.17246	-0.00148112
2.78	3.17245	-0.00148111
2.79	3.17243	-0.0014811
2.8	3.17242	-0.0014811
2.81	3.1724	-0.00148109
2.82	3.17239	-0.00148108
2.83	3.17237	-0.00148107
2.84	3.17236	-0.00148107
2.85	3.17235	-0.00148106
2.86	3.17233	-0.00148105
2.87	3.17232	-0.00148105
2.88	3.1723	-0.00148104
2.89	3.17229	-0.00148103
2.9	3.17227	-0.00148103
2.91	3.17226	-0.00148102
2.92	3.17224	-0.00148101
2.93	3.17223	-0.00148101
2.94	3.17221	-0.001481
2.95	3.1722	-0.00148099
2.96	3.17218	-0.00148099
2.97	3.17217	-0.00148098
2.98	3.17215	-0.00148097
2.99	3.17214	-0.00148096
3	3.17212	-0.00148096
3.01	3.17211	-0.00148095
3.02	3.17209	-0.00148094
3.03	3.17208	-0.00148094
3.04	3.17206	-0.00148093
3.05	3.17205	-0.00148092
3.06	3.17203	-0.00148092
3.07	3.17202	-0.00148091
3.08	3.17201	-0.0014809
3.09	3.17199	-0.0014809
3.1	3.17198	-0.00148089
3.11	3.17196	-0.00148088
3.12	3.17195	-0.00148087
3.13	3.17193	-0.00148087
3.14	3.17192	-0.00148086
3.15	3.1719	-0.00148085
3.16	3.17189	-0.00148085
3.17	3.17187	-0.00148084
3.18	3.17186	-0.00148083
3.19	3.17184	-0.00148083
3.2	3.17183	-0.00148082
3.21	3.17181	-0.00148081
3.22	3.1718	-0.00148081
3.23	3.17178	-0.0014808
3.24	3.17177	-0.00148079
3.25	3.17175	-0.00148078
3.26	3.17174	-0.00148078
3.27	3.17172	-0.00148077
3.28	3.17171	-0.00148076
3.29	3.17169	-0.00148076
3.3	3.17168	-0.00148075
3.31	3.17167	-0.00148074
3.32	3.17165	-0.00148074
3.33	3.17164	-0.00148073
3.34	3.17162	-0.00148072
3.35	3.17161	-0.00148072
3.36	3.17159	-0.00148071
3.37	3.17158	-0.0014807
3.38	3.17156	-0.0014807
3.39	3.17155	-0.00148069
3.4	3.17153	-0.00148068
3.41	3.17152	-0.00148067
3.42	3.1715	-0.00148067
3.43	3.17149	-0.00148066
3.44	3.17147	-0.00148065
3.45	3.17146	-0.00148065
3.46	3.17144	-0.00148064
3.47	3.17143	-0.00148063
3.48	3.17141	-0.00148063
3.49	3.1714	-0.00148062
3.5	3.17138	-0.00148061
3.51	3.17137	-0.00148061
3.52	3.17136	-0.0014806
3.53	3.17134	-0.00148059
3.54	3.17133	-0.00148058
3.55	3.17131	-0.00148058
3.56	3.1713	-0.00148057
3.57	3.17128	-0.00148056
3.58	3.17127	-0.00148056
3.59	3.17125	-0.00148055
3.6	3.17124	-0.00148054
3.61	3.17122	-0.00148054
3.62	3.17121	-0.00148053
3.63	3.17119	-0.00148052
3.64	3.17118	-0.00148052
3.65	3.17116	-0.00148051
3.66	3.17115	-0.0014805
3.67	3.17113	-0.0014805
3.68	3.17112	-0.00148049
3.69	3.1711	-0.00148048
3.7	3.17109	-0.00148047
3.71	3.17107	-0.00148047
3.72	3.17106	-0.00148046
3.73	3.17104	-0.00148045
3.74	3.17103	-0.00148045
3.75	3.17102	-0.00148044
3.76	3.171	-0.00148043
3.77	3.17099	-0.00148043
3.78	3.17097	-0.00148042
3.79	3.17096	-0.00148041
3.8	3.17094	-0.00148041
3.81	3.17093	-0.0014804
3.82	3.17091	-0.00148039
3.83	3.1709	-0.00148038
3.84	3.17088	-0.00148038
3.85	3.17087	-0.00148037
3.86	3.17085	-0.00148036
3.87	3.17084	-0.00148036
3.88	3.17082	-0.00148035
3.89	3.17081	-0.00148034
3.9	3.17079	-0.00148034
3.91	3.17078	-0.00148033
3.92	3.17076	-0.00148032
3.93	3.17075	-0.00148032
3.94	3.17073	-0.00148031
3.95	3.17072	-0.0014803
3.96	3.1707	-0.0014803
3.97	3.17069	-0.00148029
3.98	3.17068	-0.00148028
3.99	3.17066	-0.00148027
4	3.17065	-0.00148027
4.01	3.17063	-0.00148026
4.02	3.17062	-0.00148025
4.03	3.1706	-0.00148025
4.04	3.17059	-0.00148024
4.05	3.17057	-0.00148023
4.06	3.17056	-0.00148023
4.07	3.17054	-0.00148022
4.08	3.17053	-0.00148021
4.09	3.17051	-0.00148021
4.1	3.1705	-0.0014802
4.11	3.17048	-0.00148019
4.12	3.17047	-0.00148018
4.13	3.17045	-0.00148018
4.14	3.17044	-0.00148017
4.15	3.17042	-0.00148016
4.16	3.17041	-0.00148016
4.17	3.17039	-0.00148015
4.18	3.17038	-0.00148014
4.19	3.17036	-0.00148014
4.2	3.17035	-0.00148013
4.21	3.17034	-0.00148012
4.22	3.17032	-0.00148012
4.23	3.17031	-0.00148011
4.24	3.17029	-0.0014801
4.25	3.17028	-0.00148009
4.26	3.17026	-0.00148009
4.27	3.17025	-0.00148008
4.28	3.17023	-0.00148007
4.29	3.17022	-0.00148007
4.3	3.1702	-0.00148006
4.31	3.17019	-0.00148005
4.32	3.17017	-0.00148005
4.33	3.17016	-0.00148004
4.34	3.17014	-0.00148003
4.35	3.17013	-0.00148003
4.36	3.17011	-0.00148002
4.37001	3.1701	-0.00148001
4.38001	3.17008	-0.00148001
4.39001	3.17007	-0.00148
4.40001	3.17005	-0.00147999
4.41001	3.17004	-0.00147998
4.42001	3.17002	-0.00147998
4.43001	3.17001	-0.00147997
4.44001	3.17	-0.00147996
4.45001	3.16998	-0.00147996
4.46001	3.16997	-0.00147995
4.47001	3.16995	-0.00147994
4.48001	3.16994	-0.00147994
4.49001	3.16992	-0.00147993
4.50001	3.16991	-0.00147992
4.51001	3.16989	-0.00147992
4.52001	3.16988	-0.00147991
4.53001	3.16986	-0.0014799
4.54001	3.16985	-0.00147989
4.55001	3.16983	-0.00147989
4.56001	3.16982	-0.00147988
4.57001	3.1698	-0.00147987
4.58001	3.16979	-0.00147987
4.59001	3.16977	-0.00147986
4.60001	3.16976	-0.00147985
4.61001	3.16974	-0.00147985
4.62001	3.16973	-0.00147984
4.63001	3.16971	-0.00147983
4.64001	3.1697	-0.00147983
4.65001	3.16968	-0.00147982
4.66001	3.16967	-0.00147981
4.67001	3.16966	-0.00147981
4.68001	3.16964	-0.0014798
4.69001	3.16963	-0.00147979
4.70001	3.16961	-0.00147978
4.71001	3.1696	-0.00147978
4.72001	3.16958	-0.00147977
4.73001	3.16957	-0.00147976
4.74001	3.16955	-0.00147976
4.75001	3.16954	-0.00147975
4.76001	3.16952	-0.00147974
4.77001	3.16951	-0.00147974
4.78001	3.16949	-0.00147973
4.79001	3.16948	-0.00147972
4.80001	3.16946	-0.00147972
4.81002	3.16945	-0.00147971
4.82002	3.16943	-0.0014797
4.83002	3.16942	-0.00147969
4.84002	3.1694	-0.00147969
4.85002	3.16939	-0.00147968
4.86002	3.16937	-0.00147967
4.87002	3.16936	-0.00147967
4.88002	3.16934	-0.00147966
4.89002	3.16933	-0.00147965
4.90002	3.16932	-0.00147965
4.91002	3.1693	-0.00147964
4.92002	3.16929	-0.00147963
4.93002	3.16927	-0.00147963
4.94002	3.16926	-0.00147962
4.95002	3.16924	-0.00147961
4.96002	3.16923	-0.0014796
4.97002	3.16921	-0.0014796
4.98002	3.1692	-0.00147959
4.99002	3.16918	-0.00147958
5.00002	3.16917	-0.00147958
5.01002	3.16915	-0.00147957
5.02002	3.16914	-0.00147956
5.03002	3.16912	-0.00147956
5.04002	3.16911	-0.00147955
5.05002	3.16909	-0.00147954
5.06002	3.16908	-0.00147954
5.07002	3.16906	-0.00147953
5.08002	3.16905	-0.00147952
5.09002	3.16903	-0.00147952
5.10002	3.16902	-0.00147951
5.11002	3.169	-0.0014795
5.12002	3.16899	-0.00147949
5.13002	3.16898	-0.00147949
5.14002	3.16896	-0.00147948
5.15002	3.16895	-0.00147947
5.16002	3.16893	-0.00147947
5.17002	3.16892	-0.00147946
5.18002	3.1689	-0.00147945
5.19002	3.16889	-0.00147945
5.20002	3.16887	-0.00147944
5.21002	3.16886	-0.00147943
5.22002	3.16884	-0.00147943
5.23002	3.16883	-0.00147942
5.24003	3.16881	-0.00147941
5.25003	3.1688	-0.0014794
5.26003	3.16878	-0.0014794
5.27003	3.16877	-0.00147939
5.28003	3.16875	-0.00147938
5.29003	3.16874	-0.00147938
5.30003	3.16872	-0.00147937
5.31003	3.16871	-0.00147936
5.32003	3.16869	-0.00147936
5.33003	3.16868	-0.00147935
5.34003	3.16866	-0.00147934
5.35003	3.16865	-0.00147934
5.36003	3.16864	-0.00147933
5.37003	3.16862	-0.00147932
5.38003	3.16861	-0.00147932
5.39003	3.16859	-0.00147931
5.40003	3.16858	-0.0014793
5.41003	3.16856	-0.00147929
5.42003	3.16855	-0.00147929
5.43003	3.16853	-0.00147928
5.44003	3.16852	-0.00147927
5.45003	3.1685	-0.00147927
5.46003	3.16849	-0.00147926
5.47003	3.16847	-0.00147925
5.48003	3.16846	-0.00147925
5.49003	3.16844	-0.00147924
5.50003	3.16843	-0.00147923
5.51003	3.16841	-0.00147923
5.52003	3.1684	-0.00147922
5.53003	3.16838	-0.00147921
5.54003	3.16837	-0.0014792
5.55003	3.16835	-0.0014792
5.56003	3.16834	-0.00147919
5.57003	3.16832	-0.00147918
5.58003	3.16831	-0.00147918
5.59003	3.1683	-0.00147917
5.60003	3.16828	-0.00147916
5.61003	3.16827	-0.00147916
5.62003	3.16825	-0.00147915
5.63003	3.16824	-0.00147914
5.64003	3.16822	-0.00147914
5.65003	3.16821	-0.00147913
5.66003	3.16819	-0.00147912
5.67003	3.16818	-0.00147911
5.68004	3.16816	-0.00147911
5.69004	3.16815	-0.0014791
5.70004	3.16813	-0.00147909
5.71004	3.16812	-0.00147909
5.72004	3.1681	-0.00147908
5.73004	3.16809	-0.00147907
5.74004	3.16807	-0.00147907
5.75004	3.16806	-0.00147906
5.76004	3.16804	-0.00147905
5.77004	3.16803	-0.00147905
5.78004	3.16801	-0.00147904
5.79004	3.168	-0.00147903
5.80004	3.16798	-0.00147903
5.81004	3.16797	-0.00147902
5.82004	3.16796	-0.00147901
5.83004	3.16794	-0.001479
5.84004	3.16793	-0.001479
5.85004	3.16791	-0.00147899
5.86004	3.1679	-0.00147898
5.87004	3.16788	-0.00147898
5.88004	3.16787	-0.00147897
5.89004	3.16785	-0.00147896
5.90004	3.16784	-0.00147896
5.91004	3.16782	-0.00147895
5.92004	3.16781	-0.00147894
5.93004	3.16779	-0.00147894
5.94004	3.16778	-0.00147893
5.95004	3.16776	-0.00147892
5.96004	3.16775	-0.00147891
5.97004	3.16773	-0.00147891
5.98004	3.16772	-0.0014789
5.99004	3.1677	-0.00147889
6.00004	3.16769	-0.00147889
6.01004	3.16767	-0.00147888
6.02004	3.16766	-0.00147887
6.03004	3.16764	-0.00147887
6.04004	3.16763	-0.00147886
6.05004	3.16762	-0.00147885
6.06004	3.1676	-0.00147885
6.07004	3.16759	-0.00147884
6.08004	3.16757	-0.00147883
6.09004	3.16756	-0.00147883
6.10004	3.16754	-0.00147882
6.11004	3.16753	-0.00147881
6.12005	3.16751	-0.0014788
6.13005	3.1675	-0.0014788
6.14005	3.16748	-0.00147879
6.15005	3.16747	-0.00147878
6.16005	3.16745	-0.00147878
6.17005	3.16744	-0.00147877
6.18005	3.16742	-0.00147876
6.19005	3.16741	-0.00147876
6.20005	3.16739	-0.00147875
6.21005	3.16738	-0.00147874
6.22005	3.16736	-0.00147874
6.23005	3.16735	-0.00147873
6.24005	3.16733	-0.00147872
6.25005	3.16732	-0.00147871
6.26005	3.1673	-0.00147871
6.27005	3.16729	-0.0014787
6.28005	3.16728	-0.00147869
6.29005	3.16726	-0.00147869
6.30005	3.16725	-0.00147868
6.31005	3.16723	-0.00147867
6.32005	3.16722	-0.00147867
6.33005	3.1672	-0.00147866
6.34005	3.16719	-0.00147865
6.35005	3.16717	-0.00147865
6.36005	3.16716	-0.00147864
6.37005	3.16714	-0.00147863
6.38005	3.16713	-0.00147862
6.39005	3.16711	-0.00147862
6.40005	3.1671	-0.00147861
6.41005	3.16708	-0.0014786
6.42005	3.16707	-0.0014786
6.43005	3.16705	-0.00147859
6.44005	3.16704	-0.00147858
6.45005	3.16702	-0.00147858
6.46005	3.16701	-0.00147857
6.47005	3.16699	-0.00147856
6.48005	3.16698	-0.00147856
6.49005	3.16696	-0.00147855
6.50005	3.16695	-0.00147854
6.51005	3.16694	-0.00147854
6.52005	3.16692	-0.00147853
6.53005	3.16691	-0.00147852
6.54005	3.16689	-0.00147851
6.55006	3.16688	-0.00147851
6.56006	3.16686	-0.0014785
6.57006	3.16685	-0.00147849
6.58006	3.16683	-0.00147849
6.59006	3.16682	-0.00147848
6.60006	3.1668	-0.00147847
6.61006	3.16679	-0.00147847
6.62006	3.16677	-0.00147846
6.63006	3.16676	-0.00147845
6.64006	3.16674	-0.00147845
6.65006	3.16673	-0.00147844
6.66006	3.16671	-0.00147843
6.67006	3.1667	-0.00147842
6.68006	3.16668	-0.00147842
6.69006	3.16667	-0.00147841
6.70006	3.16665	-0.0014784
6.71006	3.16664	-0.0014784
6.72006	3.16662	-0.00147839
6.73006	3.16661	-0.00147838
6.74006	3.1666	-0.00147838
6.75006	3.16658	-0.00147837
6.76006	3.16657	-0.00147836
6.77006	3.16655	-0.00147836
6.78006	3.16654	-0.00147835
6.79006	3.16652	-0.00147834
6.80006	3.16651	-0.00147834
6.81006	3.16649	-0.00147833
6.82006	3.16648	-0.00147832
6.83006	3.16646	-0.00147831
6.84006	3.16645	-0.00147831
6.85006	3.16643	-0.0014783
6.86006	3.16642	-0.00147829
6.87006	3.1664	-0.00147829
6.88006	3.16639	-0.00147828
6.89006	3.16637	-0.00147827
6.90006	3.16636	-0.00147827
6.91006	3.16634	-0.00147826
6.92006	3.16633	-0.00147825
6.93006	3.16631	-0.00147825
6.94006	3.1663	-0.00147824
6.95006	3.16628	-0.00147823
6.96006	3.16627	-0.00147822
6.97006	3.16626	-0.00147822
6.98006	3.16624	-0.00147821
6.99007	3.16623	-0.0014782
7.00007	3.16621	-0.0014782
7.01007	3.1662	-0.00147819
7.02007	3.16618	-0.00147818
7.03007	3.16617	-0.00147818
7.04007	3.16615	-0.00147817
7.05007	3.16614	-0.00147816
7.06007	3.16612	-0.00147816
7.07007	3.16611	-0.00147815
7.08007	3.16609	-0.00147814
7.09007	3.16608	-0.00147814
7.10007	3.16606	-0.00147813
7.11007	3.16605	-0.00147812
7.12007	3.16603	-0.00147811
7.13007	3.16602	-0.00147811
7.14007	3.166	-0.0014781
7.15007	3.16599	-0.00147809
7.16007	3.16597	-0.00147809
7.17007	3.16596	-0.00147808
7.18007	3.16594	-0.00147807
7.19007	3.16593	-0.00147807
7.20007	3.16592	-0.00147806
7.21007	3.1659	-0.00147805
7.22007	3.16589	-0.00147805
7.23007	3.16587	-0.00147804
7.24007	3.16586	-0.00147803
7.25007	3.16584	-0.00147802
7.26007	3.16583	-0.00147802
7.27007	3.16581	-0.00147801
7.28007	3.1658	-0.001478
7.29007	3.16578	-0.001478
7.30007	3.16577	-0.00147799
7.31007	3.16575	-0.00147798
7.32007	3.16574	-0.00147798
7.33007	3.16572	-0.00147797
7.34007	3.16571	-0.00147796
7.35007	3.16569	-0.00147796
7.36007	3.16568	-0.00147795
7.37007	3.16566	-0.00147794
7.38007	3.16565	-0.00147793
7.39007	3.16563	-0.00147793
7.40007	3.16562	-0.00147792
7.41007	3.1656	-0.00147791
7.42007	3.16559	-0.00147791
7.43008	3.16558	-0.0014779
7.44008	3.16556	-0.00147789
7.45008	3.16555	-0.00147789
7.46008	3.16553	-0.00147788
7.47008	3.16552	-0.00147787
7.48008	3.1655	-0.00147787
7.49008	3.16549	-0.00147786
7.50008	3.16547	-0.00147785
7.51008	3.16546	-0.00147785
7.52008	3.16544	-0.00147784
7.53008	3.16543	-0.00147783
7.54008	3.16541	-0.00147782
7.55008	3.1654	-0.00147782
7.56008	3.16538	-0.00147781
7.57008	3.16537	-0.0014778
7.58008	3.16535	-0.0014778
7.59008	3.16534	-0.00147779
7.60008	3.16532	-0.00147778
7.61008	3.16531	-0.00147778
7.62008	3.16529	-0.00147777
7.63008	3.16528	-0.00147776
7.64008	3.16526	-0.00147776
7.65008	3.16525	-0.00147775
7.66008	3.16524	-0.00147774
7.67008	3.16522	-0.00147773
7.68008	3.16521	-0.00147773
7.69008	3.16519	-0.00147772
7.70008	3.16518	-0.00147771
7.71008	3.16516	-0.00147771
7.72008	3.16515	-0.0014777
7.73008	3.16513	-0.00147769
7.74008	3.16512	-0.00147769
7.75008	3.1651	-0.00147768
7.76008	3.16509	-0.00147767
7.77008	3.16507	-0.00147767
7.78008	3.16506	-0.00147766
7.79008	3.16504	-0.00147765
7.80008	3.16503	-0.00147765
7.81008	3.16501	-0.00147764
7.82008	3.165	-0.00147763
7.83008	3.16498	-0.00147762
7.84008	3.16497	-0.00147762
7.85008	3.16495	-0.00147761
7.86009	3.16494	-0.0014776
7.87009	3.16492	-0.0014776
7.88009	3.16491	-0.00147759
7.89009	3.1649	-0.00147758
7.90009	3.16488	-0.00147758
7.91009	3.16487	-0.00147757
7.92009	3.16485	-0.00147756
7.93009	3.16484	-0.00147756
7.94009	3.16482	-0.00147755
7.95009	3.16481	-0.00147754
7.96009	3.16479	-0.00147753
7.97009	3.16478	-0.00147753
7.98009	3.16476	-0.00147752
7.99009	3.16475	-0.00147751
8.00009	3.16473	-0.00147751
8.01009	3.16472	-0.0014775
8.02009	3.1647	-0.00147749
8.03009	3.16469	-0.00147749
8.04009	3.16467	-0.00147748
8.05009	3.16466	-0.00147747
8.06009	3.16464	-0.00147747
8.07009	3.16463	-0.00147746
8.08009	3.16461	-0.00147745
8.09009	3.1646	-0.00147744
8.10009	3.16458	-0.00147744
8.11009	3.16457	-0.00147743
8.12009	3.16456	-0.00147742
8.13009	3.16454	-0.00147742
8.14009	3.16453	-0.00147741
8.15009	3.16451	-0.0014774
8.16009	3.1645	-0.0014774
8.17009	3.16448	-0.00147739
8.18009	3.16447	-0.00147738
8.19009	3.16445	-0.00147738
8.20009	3.16444	-0.00147737
8.21009	3.16442	-0.00147736
8.22009	3.16441	-0.00147736
8.23009	3.16439	-0.00147735
8.24009	3.16438	-0.00147734
8.25009	3.16436	-0.00147733
8.26009	3.16435	-0.00147733
8.27009	3.16433	-0.00147732
8.28009	3.16432	-0.00147731
8.29009	3.1643	-0.00147731
8.30009	3.16429	-0.0014773
8.31009	3.16427	-0.00147729
8.3201	3.16426	-0.00147729
8.3301	3.16424	-0.00147728
8.3401	3.16423	-0.00147727
8.3501	3.16422	-0.00147727
8.3601	3.1642	-0.00147726
8.3701	3.16419	-0.00147725
8.3801	3.16417	-0.00147724
8.3901	3.16416	-0.00147724
8.4001	3.16414	-0.00147723
8.4101	3.16413	-0.00147722
8.4201	3.16411	-0.00147722
8.4301	3.1641	-0.00147721
8.4401	3.16408	-0.0014772
8.4501	3.16407	-0.0014772
8.4601	3.16405	-0.00147719
8.4701	3.16404	-0.00147718
8.4801	3.16402	-0.00147718
8.4901	3.16401	-0.00147717
8.5001	3.16399	-0.00147716
8.5101	3.16398	-0.00147716
8.5201	3.16396	-0.00147715
8.5301	3.16395	-0.00147714
8.5401	3.16393	-0.00147713
8.5501	3.16392	-0.00147713
8.5601	3.1639	-0.00147712
8.5701	3.16389	-0.00147711
8.5801	3.16388	-0.00147711
8.5901	3.16386	-0.0014771
8.6001	3.16385	-0.00147709
8.6101	3.16383	-0.00147709
8.6201	3.16382	-0.00147708
8.6301	3.1638	-0.00147707
8.6401	3.16379	-0.00147707
8.6501	3.16377	-0.00147706
8.6601	3.16376	-0.00147705
8.6701	3.16374	-0.00147704
8.6801	3.16373	-0.00147704
8.6901	3.16371	-0.00147703
8.7001	3.1637	-0.00147702
8.7101	3.16368	-0.00147702
8.7201	3.16367	-0.00147701
8.7301	3.16365	-0.001477
8.7401	3.16364	-0.001477
8.7501	3.16362	-0.00147699
8.76011	3.16361	-0.00147698
8.77011	3.16359	-0.00147698
8.78011	3.16358	-0.00147697
8.79011	3.16356	-0.00147696
8.80011	3.16355	-0.00147695
8.81011	3.16354	-0.00147695
8.82011	3.16352	-0.00147694
8.83011	3.16351	-0.00147693
8.84011	3.16349	-0.00147693
8.85011	3.16348	-0.00147692
8.86011	3.16346	-0.00147691
8.87011	3.16345	-0.00147691
8.88011	3.16343	-0.0014769
8.89011	3.16342	-0.00147689
8.90011	3.1634	-0.00147689
8.91011	3.16339	-0.00147688
8.92011	3.16337	-0.00147687
8.93011	3.16336	-0.00147687
8.94011	3.16334	-0.00147686
8.95011	3.16333	-0.00147685
8.96011	3.16331	-0.00147684
8.97011	3.1633	-0.00147684
8.98011	3.16328	-0.00147683
8.99011	3.16327	-0.00147682
9.00011	3.16325	-0.00147682
9.01011	3.16324	-0.00147681
9.02011	3.16322	-0.0014768
9.03011	3.16321	-0.0014768
9.04011	3.1632	-0.00147679
9.05011	3.16318	-0.00147678
9.06011	3.16317	-0.00147678
9.07011	3.16315	-0.00147677
9.08011	3.16314	-0.00147676
9.09011	3.16312	-0.00147675
9.10011	3.16311	-0.00147675
9.11011	3.16309	-0.00147674
9.12011	3.16308	-0.00147673
9.13011	3.16306	-0.00147673
9.14011	3.16305	-0.00147672
9.15011	3.16303	-0.00147671
9.16011	3.16302	-0.00147671
9.17011	3.163	-0.0014767
9.18011	3.16299	-0.00147669
9.19011	3.16297	-0.00147669
9.20012	3.16296	-0.00147668
9.21012	3.16294	-0.00147667
9.22012	3.16293	-0.00147667
9.23012	3.16291	-0.00147666
9.24012	3.1629	-0.00147665
9.25012	3.16288	-0.00147664
9.26012	3.16287	-0.00147664
9.27012	3.16286	-0.00147663
9.28012	3.16284	-0.00147662
9.29012	3.16283	-0.00147662
9.30012	3.16281	-0.00147661
9.31012	3.1628	-0.0014766
9.32012	3.16278	-0.0014766
9.33012	3.16277	-0.00147659
9.34012	3.16275	-0.00147658
9.35012	3.16274	-0.00147658
9.36012	3.16272	-0.00147657
9.37012	3.16271	-0.00147656
9.38012	3.16269	-0.00147655
9.39012	3.16268	-0.00147655
9.40012	3.16266	-0.00147654
9.41012	3.16265	-0.00147653
9.42012	3.16263	-0.00147653
9.43012	3.16262	-0.00147652
9.44012	3.1626	-0.00147651
9.45012	3.16259	-0.00147651
9.46012	3.16257	-0.0014765
9.47012	3.16256	-0.00147649
9.48012	3.16254	-0.00147649
9.49012	3.16253	-0.00147648
9.50012	3.16252	-0.00147647
9.51012	3.1625	-0.00147646
9.52012	3.16249	-0.00147646
9.53012	3.16247	-0.00147645
9.54012	3.16246	-0.00147644
9.55012	3.16244	-0.00147644
9.56012	3.16243	-0.00147643
9.57012	3.16241	-0.00147642
9.58012	3.1624	-0.00147642
9.59012	3.16238	-0.00147641
9.60012	3.16237	-0.0014764
9.61012	3.16235	-0.0014764
9.62012	3.16234	-0.00147639
9.63013	3.16232	-0.00147638
9.64013	3.16231	-0.00147638
9.65013	3.16229	-0.00147637
9.66013	3.16228	-0.00147636
9.67013	3.16226	-0.00147635
9.68013	3.16225	-0.00147635
9.69013	3.16223	-0.00147634
9.70013	3.16222	-0.00147633
9.71013	3.1622	-0.00147633
9.72013	3.16219	-0.00147632
9.73013	3.16218	-0.00147631
9.74013	3.16216	-0.00147631
9.75013	3.16215	-0.0014763
9.76013	3.16213	-0.00147629
9.77013	3.16212	-0.00147629
9.78013	3.1621	-0.00147628
9.79013	3.16209	-0.00147627
9.80013	3.16207	-0.00147626
9.81013	3.16206	-0.00147626
9.82013	3.16204	-0.00147625
9.83013	3.16203	-0.00147624
9.84013	3.16201	-0.00147624
9.85013	3.162	-0.00147623
9.86013	3.16198	-0.00147622
9.87013	3.16197	-0.00147622
9.88013	3.16195	-0.00147621
9.89013	3.16194	-0.0014762
9.90013	3.16192	-0.0014762
9.91013	3.16191	-0.00147619
9.92013	3.16189	-0.00147618
9.93013	3.16188	-0.00147618
9.94013	3.16186	-0.00147617
9.95013	3.16185	-0.00147616
9.96013	3.16184	-0.00147615
9.97013	3.16182	-0.00147615
9.98013	3.16181	-0.00147614
9.99013	3.16179	-0.00147613
10.0001	3.16178	-0.00147613
10.0101	3.16176	-0.00147612
10.0201	3.16175	-0.00147611
10.0301	3.16173	-0.00147611
10.0401	3.16172	-0.0014761
10.0501	3.1617	-0.00147609
10.0601	3.16169	-0.00147609
10.0701	3.16167	-0.00147608
10.0801	3.16166	-0.00147607
10.0901	3.16164	-0.00147606
10.1001	3.16163	-0.00147606
10.1101	3.16161	-0.00147605
10.1201	3.1616	-0.00147604
10.1301	3.16158	-0.00147604
10.1401	3.16157	-0.00147603
10.1501	3.16155	-0.00147602
10.1601	3.16154	-0.00147602
10.1701	3.16153	-0.00147601
10.1801	3.16151	-0.001476
10.1901	3.1615	-0.001476
10.2001	3.16148	-0.00147599
10.2101	3.16147	-0.00147598
10.2201	3.16145	-0.00147598
10.2301	3.16144	-0.00147597
10.2401	3.16142	-0.00147596
10.2501	3.16141	-0.00147595
10.2601	3.16139	-0.00147595
10.2701	3.16138	-0.00147594
10.2801	3.16136	-0.00147593
10.2901	3.16135	-0.00147593
10.3001	3.16133	-0.00147592
10.3101	3.16132	-0.00147591
10.3201	3.1613	-0.00147591
10.3301	3.16129	-0.0014759
10.3401	3.16127	-0.00147589
10.3501	3.16126	-0.00147589
10.3601	3.16124	-0.00147588
10.3701	3.16123	-0.00147587
10.3801	3.16121	-0.00147586
10.3901	3.1612	-0.00147586
10.4001	3.16119	-0.00147585
10.4101	3.16117	-0.00147584
10.4201	3.16116	-0.00147584
10.4301	3.16114	-0.00147583
10.4401	3.16113	-0.00147582
10.4501	3.16111	-0.00147582
10.4601	3.1611	-0.00147581
10.4701	3.16108	-0.0014758
10.4801	3.16107	-0.0014758
10.4901	3.16105	-0.00147579
10.5001	3.16104	-0.00147578
10.5101	3.16102	-0.00147577
10.5201	3.16101	-0.00147577
10.5301	3.16099	-0.00147576
10.5401	3.16098	-0.00147575
10.5501	3.16096	-0.00147575
10.5601	3.16095	-0.00147574
10.5701	3.16093	-0.00147573
10.5801	3.16092	-0.00147573
10.5901	3.1609	-0.00147572
10.6001	3.16089	-0.00147571
10.6101	3.16087	-0.00147571
10.6201	3.16086	-0.0014757
10.6301	3.16085	-0.00147569
10.6401	3.16083	-0.00147569
10.6501	3.16082	-0.00147568
10.6601	3.1608	-0.00147567
10.6701	3.16079	-0.00147566
10.6801	3.16077	-0.00147566
10.6901	3.16076	-0.00147565
10.7001	3.16074	-0.00147564
10.7101	3.16073	-0.00147564
10.7201	3.16071	-0.00147563
10.7302	3.1607	-0.00147562
10.7402	3.16068	-0.00147562
10.7502	3.16067	-0.00147561
10.7602	3.16065	-0.0014756
10.7702	3.16064	-0.0014756
10.7802	3.16062	-0.00147559
10.7902	3.16061	-0.00147558
10.8002	3.16059	-0.00147557
10.8102	3.16058	-0.00147557
10.8202	3.16056	-0.00147556
10.8302	3.16055	-0.00147555
10.8402	3.16053	-0.00147555
10.8502	3.16052	-0.00147554
10.8602	3.16051	-0.00147553
10.8702	3.16049	-0.00147553
10.8802	3.16048	-0.00147552
10.8902	3.16046	-0.00147551
10.9002	3.16045	-0.00147551
10.9102	3.16043	-0.0014755
10.9202	3.16042	-0.00147549
10.9302	3.1604	-0.00147549
10.9402	3.16039	-0.00147548
10.9502	3.16037	-0.00147547
10.9602	3.16036	-0.00147546
10.9702	3.16034	-0.00147546
10.9802	3.16033	-0.00147545
10.9902	3.16031	-0.00147544
11.0002	3.1603	-0.00147544
11.0102	3.16028	-0.00147543
11.0202	3.16027	-0.00147542
11.0302	3.16025	-0.00147542
11.0402	3.16024	-0.00147541
11.0502	3.16022	-0.0014754
11.0602	3.16021	-0.0014754
11.0702	3.16019	-0.00147539
11.0802	3.16018	-0.00147538
11.0902	3.16017	-0.00147537
11.1002	3.16015	-0.00147537
11.1102	3.16014	-0.00147536
11.1202	3.16012	-0.00147535
11.1302	3.16011	-0.00147535
11.1402	3.16009	-0.00147534
11.1502	3.16008	-0.00147533
11.1602	3.16006	-0.00147533
11.1702	3.16005	-0.00147532
11.1802	3.16003	-0.00147531
11.1902	3.16002	-0.00147531
11.2002	3.16	-0.0014753
11.2102	3.15999	-0.00147529
11.2202	3.15997	-0.00147528
11.2302	3.15996	-0.00147528
11.2402	3.15994	-0.00147527
11.2502	3.15993	-0.00147526
11.2602	3.15991	-0.00147526
11.2702	3.1599	-0.00147525
11.2802	3.15988	-0.00147524
11.2902	3.15987	-0.00147524
11.3002	3.15985	-0.00147523
11.3102	3.15984	-0.00147522
11.3202	3.15983	-0.00147522
11.3302	3.15981	-0.00147521
11.3402	3.1598	-0.0014752
11.3502	3.15978	-0.0014752
11.3602	3.15977	-0.00147519
11.3702	3.15975	-0.00147518
11.3802	3.15974	-0.00147517
11.3902	3.15972	-0.00147517
11.4002	3.15971	-0.00147516
11.4102	3.15969	-0.00147515
11.4202	3.15968	-0.00147515
11.4302	3.15966	-0.00147514
11.4402	3.15965	-0.00147513
11.4502	3.15963	-0.00147513
11.4602	3.15962	-0.00147512
11.4702	3.1596	-0.00147511
11.4802	3.15959	-0.00147511
11.4902	3.15957	-0.0014751
11.5002	3.15956	-0.00147509
11.5102	3.15954	-0.00147508
11.5202	3.15953	-0.00147508
11.5302	3.15951	-0.00147507
11.5402	3.1595	-0.00147506
11.5502	3.15949	-0.00147506
11.5602	3.15947	-0.00147505
11.5702	3.15946	-0.00147504
11.5802	3.15944	-0.00147504
11.5902	3.15943	-0.00147503
11.6002	3.15941	-0.00147502
11.6102	3.1594	-0.00147502
11.6202	3.15938	-0.00147501
11.6302	3.15937	-0.001475
11.6402	3.15935	-0.001475
11.6502	3.15934	-0.00147499
11.6602	3.15932	-0.00147498
11.6702	3.15931	-0.00147497
11.6802	3.15929	-0.00147497
11.6902	3.15928	-0.00147496
11.7002	3.15926	-0.00147495
11.7102	3.15925	-0.00147495
11.7202	3.15923	-0.00147494
11.7302	3.15922	-0.00147493
11.7402	3.1592	-0.00147493
11.7502	3.15919	-0.00147492
11.7602	3.15917	-0.00147491
11.7702	3.15916	-0.00147491
11.7802	3.15915	-0.0014749
11.7902	3.15913	-0.00147489
11.8002	3.15912	-0.00147488
11.8102	3.1591	-0.00147488
11.8202	3.15909	-0.00147487
11.8302	3.15907	-0.00147486
11.8402	3.15906	-0.00147486
11.8502	3.15904	-0.00147485
11.8602	3.15903	-0.00147484
11.8702	3.15901	-0.00147484
11.8802	3.159	-0.00147483
11.8902	3.15898	-0.00147482
11.9002	3.15897	-0.00147482
11.9102	3.15895	-0.00147481
11.9202	3.15894	-0.0014748
11.9302	3.15892	-0.00147479
11.9402	3.15891	-0.00147479
11.9502	3.15889	-0.00147478
11.9602	3.15888	-0.00147477
11.9702	3.15886	-0.00147477
11.9802	3.15885	-0.00147476
11.9902	3.15883	-0.00147475
12.0002	3.15882	-0.00147475
12.0102	3.15881	-0.00147474
12.0202	3.15879	-0.00147473
12.0302	3.15878	-0.00147473
12.0402	3.15876	-0.00147472
12.0502	3.15875	-0.00147471
12.0602	3.15873	-0.00147471
12.0702	3.15872	-0.0014747
12.0802	3.1587	-0.00147469
12.0902	3.15869	-0.00147468
12.1002	3.15867	-0.00147468
12.1102	3.15866	-0.00147467
12.1202	3.15864	-0.00147466
12.1302	3.15863	-0.00147466
12.1402	3.15861	-0.00147465
12.1502	3.1586	-0.00147464
12.1602	3.15858	-0.00147464
12.1702	3.15857	-0.00147463
12.1802	3.15855	-0.00147462
12.1902	3.15854	-0.00147462
12.2002	3.15852	-0.00147461
12.2102	3.15851	-0.0014746
12.2202	3.15849	-0.00147459
12.2302	3.15848	-0.00147459
12.2402	3.15847	-0.00147458
12.2502	3.15845	-0.00147457
12.2602	3.15844	-0.00147457
12.2702	3.15842	-0.00147456
12.2802	3.15841	-0.00147455
12.2902	3.15839	-0.00147455
12.3002	3.15838	-0.00147454
12.3102	3.15836	-0.00147453
12.3202	3.15835	-0.00147453
12.3302	3.15833	-0.00147452
12.3402	3.15832	-0.00147451
12.3502	3.1583	-0.00147451
12.3602	3.15829	-0.0014745
12.3702	3.15827	-0.00147449
12.3802	3.15826	-0.00147448
12.3902	3.15824	-0.00147448
12.4002	3.15823	-0.00147447
12.4102	3.15821	-0.00147446
12.4202	3.1582	-0.00147446
12.4302	3.15818	-0.00147445
12.4402	3.15817	-0.00147444
12.4502	3.15815	-0.00147444
12.4602	3.15814	-0.00147443
12.4702	3.15813	-0.00147442
12.4802	3.15811	-0.00147442
12.4902	3.1581	-0.00147441
12.5002	3.15808	-0.0014744
12.5102	3.15807	-0.00147439
12.5202	3.15805	-0.00147439
12.5302	3.15804	-0.00147438
12.5402	3.15802	-0.00147437
12.5502	3.15801	-0.00147437
12.5602	3.15799	-0.00147436
12.5702	3.15798	-0.00147435
12.5802	3.15796	-0.00147435
12.5902	3.15795	-0.00147434
12.6002	3.15793	-0.00147433
12.6102	3.15792	-0.00147433
12.6202	3.1579	-0.00147432
12.6302	3.15789	-0.00147431
12.6402	3.15787	-0.0014743
12.6502	3.15786	-0.0014743
12.6602	3.15784	-0.00147429
12.6702	3.15783	-0.00147428
12.6802	3.15781	-0.00147428
12.6902	3.1578	-0.00147427
12.7002	3.15779	-0.00147426
12.7102	3.15777	-0.00147426
12.7202	3.15776	-0.00147425
12.7302	3.15774	-0.00147424
12.7402	3.15773	-0.00147424
12.7502	3.15771	-0.00147423
12.7602	3.1577	-0.00147422
12.7702	3.15768	-0.00147422
12.7802	3.15767	-0.00147421
12.7902	3.15765	-0.0014742
12.8002	3.15764	-0.00147419
12.8102	3.15762	-0.00147419
12.8202	3.15761	-0.00147418
12.8302	3.15759	-0.00147417
12.8402	3.15758	-0.00147417
12.8502	3.15756	-0.00147416
12.8602	3.15755	-0.00147415
12.8702	3.15753	-0.00147415
12.8802	3.15752	-0.00147414
12.8902	3.1575	-0.00147413
12.9002	3.15749	-0.00147413
12.9102	3.15747	-0.00147412
12.9202	3.15746	-0.00147411
12.9302	3.15745	-0.0014741
12.9402	3.15743	-0.0014741
12.9502	3.15742	-0.00147409
12.9602	3.1574	-0.00147408
12.9702	3.15739	-0.00147408
12.9802	3.15737	-0.00147407
12.9902	3.15736	-0.00147406
13.0002	3.15734	-0.00147406
13.0102	3.15733	-0.00147405
13.0202	3.15731	-0.00147404
13.0302	3.1573	-0.00147404
13.0402	3.15728	-0.00147403
13.0502	3.15727	-0.00147402
13.0602	3.15725	-0.00147402
13.0702	3.15724	-0.00147401
13.0802	3.15722	-0.001474
13.0902	3.15721	-0.00147399
13.1002	3.15719	-0.00147399
13.1102	3.15718	-0.00147398
13.1202	3.15716	-0.00147397
13.1302	3.15715	-0.00147397
13.1402	3.15713	-0.00147396
13.1502	3.15712	-0.00147395
13.1602	3.15711	-0.00147395
13.1702	3.15709	-0.00147394
13.1802	3.15708	-0.00147393
13.1902	3.15706	-0.00147393
13.2002	3.15705	-0.00147392
13.2102	3.15703	-0.00147391
13.2202	3.15702	-0.0014739
13.2302	3.157	-0.0014739
13.2402	3.15699	-0.00147389
13.2502	3.15697	-0.00147388
13.2602	3.15696	-0.00147388
13.2702	3.15694	-0.00147387
13.2802	3.15693	-0.00147386
13.2902	3.15691	-0.00147386
13.3002	3.1569	-0.00147385
13.3102	3.15688	-0.00147384
13.3202	3.15687	-0.00147384
13.3302	3.15685	-0.00147383
13.3402	3.15684	-0.00147382
13.3502	3.15682	-0.00147381
13.3602	3.15681	-0.00147381
13.3702	3.15679	-0.0014738
13.3802	3.15678	-0.00147379
13.3902	3.15677	-0.00147379
13.4002	3.15675	-0.00147378
13.4102	3.15674	-0.00147377
13.4202	3.15672	-0.00147377
13.4302	3.15671	-0.00147376
13.4402	3.15669	-0.00147375
13.4502	3.15668	-0.00147375
13.4602	3.15666	-0.00147374
13.4702	3.15665	-0.00147373
13.4802	3.15663	-0.00147373
13.4902	3.15662	-0.00147372
13.5002	3.1566	-0.00147371
13.5102	3.15659	-0.0014737
13.5202	3.15657	-0.0014737
13.5302	3.15656	-0.00147369
13.5402	3.15654	-0.00147368
13.5502	3.15653	-0.00147368
13.5602	3.15651	-0.00147367
13.5702	3.1565	-0.00147366
13.5802	3.15648	-0.00147366
13.5902	3.15647	-0.00147365
13.6002	3.15645	-0.00147364
13.6102	3.15644	-0.00147364
13.6202	3.15643	-0.00147363
13.6302	3.15641	-0.00147362
13.6402	3.1564	-0.00147361
13.6502	3.15638	-0.00147361
13.6602	3.15637	-0.0014736
13.6702	3.15635	-0.00147359
13.6802	3.15634	-0.00147359
13.6902	3.15632	-0.00147358
13.7002	3.15631	-0.00147357
13.7102	3.15629	-0.00147357
13.7202	3.15628	-0.00147356
13.7302	3.15626	-0.00147355
13.7402	3.15625	-0.00147355
13.7502	3.15623	-0.00147354
13.7602	3.15622	-0.00147353
13.7702	3.1562	-0.00147353
13.7802	3.15619	-0.00147352
13.7902	3.15617	-0.00147351
13.8002	3.15616	-0.0014735
13.8102	3.15614	-0.0014735
13.8202	3.15613	-0.00147349
13.8302	3.15611	-0.00147348
13.8402	3.1561	-0.00147348
13.8502	3.15609	-0.00147347
13.8602	3.15607	-0.00147346
13.8702	3.15606	-0.00147346
13.8802	3.15604	-0.00147345
13.8902	3.15603	-0.00147344
13.9002	3.15601	-0.00147344
13.9102	3.156	-0.00147343
13.9202	3.15598	-0.00147342
13.9302	3.15597	-0.00147341
13.9402	3.15595	-0.00147341
13.9502	3.15594	-0.0014734
13.9602	3.15592	-0.00147339
13.9702	3.15591	-0.00147339
13.9802	3.15589	-0.00147338
13.9902	3.15588	-0.00147337
14.0002	3.15586	-0.00147337
14.0102	3.15585	-0.00147336
14.0202	3.15583	-0.00147335
14.0302	3.15582	-0.00147335
14.0402	3.1558	-0.00147334
14.0502	3.15579	-0.00147333
14.0602	3.15577	-0.00147333
14.0702	3.15576	-0.00147332
14.0802	3.15575	-0.00147331
14.0902	3.15573	-0.0014733
14.1002	3.15572	-0.0014733
14.1102	3.1557	-0.00147329
14.1202	3.15569	-0.00147328
14.1302	3.15567	-0.00147328
14.1402	3.15566	-0.00147327
14.1502	3.15564	-0.00147326
14.1602	3.15563	-0.00147326
14.1702	3.15561	-0.00147325
14.1802	3.1556	-0.00147324
14.1902	3.15558	-0.00147324
14.2002	3.15557	-0.00147323
14.2102	3.15555	-0.00147322
14.2202	3.15554	-0.00147321
14.2302	3.15552	-0.00147321
14.2402	3.15551	-0.0014732
14.2502	3.15549	-0.00147319
14.2602	3.15548	-0.00147319
14.2702	3.15546	-0.00147318
14.2802	3.15545	-0.00147317
14.2902	3.15543	-0.00147317
14.3002	3.15542	-0.00147316
14.3102	3.15541	-0.00147315
14.3202	3.15539	-0.00147315
14.3302	3.15538	-0.00147314
14.3402	3.15536	-0.00147313
14.3502	3.15535	-0.00147312
14.3602	3.15533	-0.00147312
14.3702	3.15532	-0.00147311
14.3802	3.1553	-0.0014731
14.3902	3.15529	-0.0014731
14.4002	3.15527	-0.00147309
14.4102	3.15526	-0.00147308
14.4202	3.15524	-0.00147308
14.4302	3.15523	-0.00147307
14.4402	3.15521	-0.00147306
14.4502	3.1552	-0.00147306
14.4602	3.15518	-0.00147305
14.4702	3.15517	-0.00147304
14.4802	3.15515	-0.00147304
14.4902	3.15514	-0.00147303
14.5002	3.15512	-0.00147302
14.5102	3.15511	-0.00147301
14.5202	3.15509	-0.00147301
14.5302	3.15508	-0.001473
14.5402	3.15507	-0.00147299
14.5502	3.15505	-0.00147299
14.5602	3.15504	-0.00147298
14.5702	3.15502	-0.00147297
14.5802	3.15501	-0.00147297
14.5902	3.15499	-0.00147296
14.6002	3.15498	-0.00147295
14.6102	3.15496	-0.00147295
14.6202	3.15495	-0.00147294
14.6302	3.15493	-0.00147293
14.6402	3.15492	-0.00147292
14.6502	3.1549	-0.00147292
14.6602	3.15489	-0.00147291
14.6702	3.15487	-0.0014729
14.6802	3.15486	-0.0014729
14.6902	3.15484	-0.00147289
14.7002	3.15483	-0.00147288
14.7102	3.15481	-0.00147288
14.7202	3.1548	-0.00147287
14.7302	3.15478	-0.00147286
14.7402	3.15477	-0.00147286
14.7502	3.15475	-0.00147285
14.7602	3.15474	-0.00147284
14.7702	3.15473	-0.00147284
14.7802	3.15471	-0.00147283
14.7902	3.1547	-0.00147282
14.8002	3.15468	-0.00147281
14.8102	3.15467	-0.00147281
14.8202	3.15465	-0.0014728
14.8302	3.15464	-0.00147279
14.8402	3.15462	-0.00147279
14.8502	3.15461	-0.00147278
14.8602	3.15459	-0.00147277
14.8702	3.15458	-0.00147277
14.8802	3.15456	-0.00147276
14.8902	3.15455	-0.00147275
14.9002	3.15453	-0.00147275
14.9102	3.15452	-0.00147274
14.9202	3.1545	-0.00147273
14.9302	3.15449	-0.00147272
14.9402	3.15447	-0.00147272
14.9502	3.15446	-0.00147271
14.9602	3.15444	-0.0014727
14.9702	3.15443	-0.0014727
14.9802	3.15441	-0.00147269
14.9902	3.1544	-0.00147268
15.0002	3.15439	-0.00147268
15.0102	3.15437	-0.00147267
15.0202	3.15436	-0.00147266
15.0302	3.15434	-0.00147266
15.0402	3.15433	-0.00147265
15.0502	3.15431	-0.00147264
15.0602	3.1543	-0.00147263
15.0702	3.15428	-0.00147263
15.0802	3.15427	-0.00147262
15.0903	3.15425	-0.00147261
15.1003	3.15424	-0.00147261
15.1103	3.15422	-0.0014726
15.1203	3.15421	-0.00147259
15.1303	3.15419	-0.00147259
15.1403	3.15418	-0.00147258
15.1503	3.15416	-0.00147257
15.1603	3.15415	-0.00147257
15.1703	3.15413	-0.00147256
15.1803	3.15412	-0.00147255
15.1903	3.1541	-0.00147255
15.2003	3.15409	-0.00147254
15.2103	3.15407	-0.00147253
15.2203	3.15406	-0.00147252
15.2303	3.15405	-0.00147252
15.2403	3.15403	-0.00147251
15.2503	3.15402	-0.0014725
15.2603	3.154	-0.0014725
15.2703	3.15399	-0.00147249
15.2803	3.15397	-0.00147248
15.2903	3.15396	-0.00147248
15.3003	3.15394	-0.00147247
15.3103	3.15393	-0.00147246
15.3203	3.15391	-0.00147246
15.3303	3.1539	-0.00147245
15.3403	3.15388	-0.00147244
15.3503	3.15387	-0.00147243
15.3603	3.15385	-0.00147243
15.3703	3.15384	-0.00147242
15.3803	3.15382	-0.00147241
15.3903	3.15381	-0.00147241
15.4003	3.15379	-0.0014724
15.4103	3.15378	-0.00147239
15.4203	3.15376	-0.00147239
15.4303	3.15375	-0.00147238
15.4403	3.15373	-0.00147237
15.4503	3.15372	-0.00147237
15.4603	3.15371	-0.00147236
15.4703	3.15369	-0.00147235
15.4803	3.15368	-0.00147235
15.4903	3.15366	-0.00147234
15.5003	3.15365	-0.00147233
15.5103	3.15363	-0.00147232
15.5203	3.15362	-0.00147232
15.5303	3.1536	-0.00147231
15.5403	3.15359	-0.0014723
15.5503	3.15357	-0.0014723
15.5603	3.15356	-0.00147229
15.5703	3.15354	-0.00147228
15.5803	3.15353	-0.00147228
15.5903	3.15351	-0.00147227
15.6003	3.1535	-0.00147226
15.6103	3.15348	-0.00147226
15.6203	3.15347	-0.00147225
15.6303	3.15345	-0.00147224
15.6403	3.15344	-0.00147223
15.6503	3.15342	-0.00147223
15.6603	3.15341	-0.00147222
15.6703	3.15339	-0.00147221
15.6803	3.15338	-0.00147221
15.6903	3.15337	-0.0014722
15.7003	3.15335	-0.00147219
15.7103	3.15334	-0.00147219
15.7203	3.15332	-0.00147218
15.7303	3.15331	-0.00147217
15.7403	3.15329	-0.00147217
15.7503	3.15328	-0.00147216
15.7603	3.15326	-0.00147215
15.7703	3.15325	-0.00147214
15.7803	3.15323	-0.00147214
15.7903	3.15322	-0.00147213
15.8003	3.1532	-0.00147212
15.8103	3.15319	-0.00147212
15.8203	3.15317	-0.00147211
15.8303	3.15316	-0.0014721
15.8403	3.15314	-0.0014721
15.8503	3.15313	-0.00147209
15.8603	3.15311	-0.00147208
15.8703	3.1531	-0.00147208
15.8803	3.15308	-0.00147207
15.8903	3.15307	-0.00147206
15.9003	3.15305	-0.00147206
15.9103	3.15304	-0.00147205
15.9203	3.15303	-0.00147204
15.9303	3.15301	-0.00147203
15.9403	3.153	-0.00147203
15.9503	3.15298	-0.00147202
15.9603	3.15297	-0.00147201
15.9703	3.15295	-0.00147201
15.9803	3.15294	-0.001472
15.9903	3.15292	-0.00147199
16.0003	3.15291	-0.00147199
16.0103	3.15289	-0.00147198
16.0203	3.15288	-0.00147197
16.0303	3.15286	-0.00147197
16.0403	3.15285	-0.00147196
16.0503	3.15283	-0.00147195
16.0603	3.15282	-0.00147194
16.0703	3.1528	-0.00147194
16.0803	3.15279	-0.00147193
16.0903	3.15277	-0.00147192
16.1003	3.15276	-0.00147192
16.1103	3.15274	-0.00147191
16.1203	3.15273	-0.0014719
16.1303	3.15271	-0.0014719
16.1403	3.1527	-0.00147189
16.1503	3.15269	-0.00147188
16.1603	3.15267	-0.00147188
16.1703	3.15266	-0.00147187
16.1803	3.15264	-0.00147186
16.1903	3.15263	-0.00147186
16.2003	3.15261	-0.00147185
16.2103	3.1526	-0.00147184
16.2203	3.15258	-0.00147183
16.2303	3.15257	-0.00147183
16.2403	3.15255	-0.00147182
16.2503	3.15254	-0.00147181
16.2603	3.15252	-0.00147181
16.2703	3.15251	-0.0014718
16.2803	3.15249	-0.00147179
16.2903	3.15248	-0.00147179
16.3003	3.15246	-0.00147178
16.3103	3.15245	-0.00147177
16.3203	3.15243	-0.00147177
16.3303	3.15242	-0.00147176
16.3403	3.1524	-0.00147175
16.3503	3.15239	-0.00147174
16.3603	3.15237	-0.00147174
16.3703	3.15236	-0.00147173
16.3803	3.15235	-0.00147172
16.3903	3.15233	-0.00147172
16.4003	3.15232	-0.00147171
16.4103	3.1523	-0.0014717
16.4203	3.15229	-0.0014717
16.4303	3.15227	-0.00147169
16.4403	3.15226	-0.00147168
16.4503	3.15224	-0.00147168
16.4603	3.15223	-0.00147167
16.4703	3.15221	-0.00147166
16.4803	3.1522	-0.00147165
16.4903	3.15218	-0.00147165
16.5003	3.15217	-0.00147164
16.5103	3.15215	-0.00147163
16.5203	3.15214	-0.00147163
16.5303	3.15212	-0.00147162
16.5403	3.15211	-0.00147161
16.5503	3.15209	-0.00147161
16.5603	3.15208	-0.0014716
16.5703	3.15206	-0.00147159
16.5803	3.15205	-0.00147159
16.5903	3.15203	-0.00147158
16.6003	3.15202	-0.00147157
16.6103	3.15201	-0.00147157
16.6203	3.15199	-0.00147156
16.6303	3.15198	-0.00147155
16.6403	3.15196	-0.00147154
16.6503	3.15195	-0.00147154
16.6603	3.15193	-0.00147153
16.6703	3.15192	-0.00147152
16.6803	3.1519	-0.00147152
16.6903	3.15189	-0.00147151
16.7003	3.15187	-0.0014715
16.7103	3.15186	-0.0014715
16.7203	3.15184	-0.00147149
16.7303	3.15183	-0.00147148
16.7403	3.15181	-0.00147148
16.7503	3.1518	-0.00147147
16.7603	3.15178	-0.00147146
16.7703	3.15177	-0.00147145
16.7803	3.15175	-0.00147145
16.7903	3.15174	-0.00147144
16.8003	3.15172	-0.00147143
16.8103	3.15171	-0.00147143
16.8203	3.1517	-0.00147142
16.8303	3.15168	-0.00147141
16.8403	3.15167	-0.00147141
16.8503	3.15165	-0.0014714
16.8603	3.15164	-0.00147139
16.8703	3.15162	-0.00147139
16.8803	3.15161	-0.00147138
16.8903	3.15159	-0.00147137
16.9003	3.15158	-0.00147137
16.9103	3.15156	-0.00147136
16.9203	3.15155	-0.00147135
16.9303	3.15153	-0.00147134
16.9403	3.15152	-0.00147134
16.9503	3.1515	-0.00147133
16.9603	3.15149	-0.00147132
16.9703	3.15147	-0.00147132
16.9803	3.15146	-0.00147131
16.9903	3.15144	-0.0014713
17.0003	3.15143	-0.0014713
17.0103	3.15141	-0.00147129
17.0203	3.1514	-0.00147128
17.0303	3.15138	-0.00147128
17.0403	3.15137	-0.00147127
17.0503	3.15136	-0.00147126
17.0603	3.15134	-0.00147125
17.0703	3.15133	-0.00147125
17.0803	3.15131	-0.00147124
17.0903	3.1513	-0.00147123
17.1003	3.15128	-0.00147123
17.1103	3.15127	-0.00147122
17.1203	3.15125	-0.00147121
17.1303	3.15124	-0.00147121
17.1403	3.15122	-0.0014712
17.1503	3.15121	-0.00147119
17.1603	3.15119	-0.00147119
17.1703	3.15118	-0.00147118
17.1803	3.15116	-0.00147117
17.1903	3.15115	-0.00147116
17.2003	3.15113	-0.00147116
17.2103	3.15112	-0.00147115
17.2203	3.1511	-0.00147114
17.2303	3.15109	-0.00147114
17.2403	3.15107	-0.00147113
17.2503	3.15106	-0.00147112
17.2603	3.15104	-0.00147112
17.2703	3.15103	-0.00147111
17.2803	3.15102	-0.0014711
17.2903	3.151	-0.0014711
17.3003	3.15099	-0.00147109
17.3103	3.15097	-0.00147108
17.3203	3.15096	-0.00147108
17.3303	3.15094	-0.00147107
17.3403	3.15093	-0.00147106
17.3503	3.15091	-0.00147105
17.3603	3.1509	-0.00147105
17.3703	3.15088	-0.00147104
17.3803	3.15087	-0.00147103
17.3903	3.15085	-0.00147103
17.4003	3.15084	-0.00147102
17.4103	3.15082	-0.00147101
17.4203	3.15081	-0.00147101
17.4303	3.15079	-0.001471
17.4403	3.15078	-0.00147099
17.4503	3.15076	-0.00147099
17.4603	3.15075	-0.00147098
17.4703	3.15073	-0.00147097
17.4803	3.15072	-0.00147096
17.4903	3.1507	-0.00147096
17.5003	3.15069	-0.00147095
17.5103	3.15068	-0.00147094
17.5203	3.15066	-0.00147094
17.5303	3.15065	-0.00147093
17.5403	3.15063	-0.00147092
17.5503	3.15062	-0.00147092
17.5603	3.1506	-0.00147091
17.5703	3.15059	-0.0014709
17.5803	3.15057	-0.0014709
17.5903	3.15056	-0.00147089
17.6003	3.15054	-0.00147088
17.6103	3.15053	-0.00147088
17.6203	3.15051	-0.00147087
17.6303	3.1505	-0.00147086
17.6403	3.15048	-0.00147085
17.6503	3.15047	-0.00147085
17.6603	3.15045	-0.00147084
17.6703	3.15044	-0.00147083
17.6803	3.15042	-0.00147083
17.6903	3.15041	-0.00147082
17.7003	3.15039	-0.00147081
17.7103	3.15038	-0.00147081
17.7203	3.15036	-0.0014708
17.7303	3.15035	-0.00147079
17.7403	3.15034	-0.00147079
17.7503	3.15032	-0.00147078
17.7603	3.15031	-0.00147077
17.7703	3.15029	-0.00147076
17.7803	3.15028	-0.00147076
17.7903	3.15026	-0.00147075
17.8003	3.15025	-0.00147074
17.8103	3.15023	-0.00147074
17.8203	3.15022	-0.00147073
17.8303	3.1502	-0.00147072
17.8403	3.15019	-0.00147072
17.8503	3.15017	-0.00147071
17.8603	3.15016	-0.0014707
17.8703	3.15014	-0.0014707
17.8803	3.15013	-0.00147069
17.8903	3.15011	-0.00147068
17.9003	3.1501	-0.00147067
17.9103	3.15008	-0.00147067
17.9203	3.15007	-0.00147066
17.9303	3.15005	-0.00147065
17.9403	3.15004	-0.00147065
17.9503	3.15002	-0.00147064
17.9603	3.15001	-0.00147063
17.9703	3.15	-0.00147063
17.9803	3.14998	-0.00147062
17.9903	3.14997	-0.00147061
18.0003	3.14995	-0.00147061
18.0103	3.14994	-0.0014706
18.0203	3.14992	-0.00147059
18.0303	3.14991	-0.00147059
18.0403	3.14989	-0.00147058
18.0503	3.14988	-0.00147057
18.0603	3.14986	-0.00147056
18.0703	3.14985	-0.00147056
18.0803	3.14983	-0.00147055
18.0903	3.14982	-0.00147054
18.1003	3.1498	-0.00147054
18.1103	3.14979	-0.00147053
18.1203	3.14977	-0.00147052
18.1303	3.14976	-0.00147052
18.1403	3.14974	-0.00147051
18.1503	3.14973	-0.0014705
18.1603	3.14971	-0.0014705
18.1703	3.1497	-0.00147049
18.1803	3.14968	-0.00147048
18.1903	3.14967	-0.00147047
18.2003	3.14966	-0.00147047
18.2103	3.14964	-0.00147046
18.2203	3.14963	-0.00147045
18.2303	3.14961	-0.00147045
18.2403	3.1496	-0.00147044
18.2503	3.14958	-0.00147043
18.2603	3.14957	-0.00147043
18.2703	3.14955	-0.00147042
18.2803	3.14954	-0.00147041
18.2903	3.14952	-0.00147041
18.3003	3.14951	-0.0014704
18.3103	3.14949	-0.00147039
18.3203	3.14948	-0.00147039
18.3303	3.14946	-0.00147038
18.3403	3.14945	-0.00147037
18.3503	3.14943	-0.00147036
18.3603	3.14942	-0.00147036
18.3703	3.1494	-0.00147035
18.3803	3.14939	-0.00147034
18.3903	3.14937	-0.00147034
18.4003	3.14936	-0.00147033
18.4103	3.14934	-0.00147032
18.4203	3.14933	-0.00147032
18.4303	3.14932	-0.00147031
18.4403	3.1493	-0.0014703
18.4503	3.14929	-0.0014703
18.4603	3.14927	-0.00147029
18.4703	3.14926	-0.00147028
18.4803	3.14924	-0.00147027
18.4903	3.14923	-0.00147027
18.5003	3.14921	-0.00147026
18.5103	3.1492	-0.00147025
18.5203	3.14918	-0.00147025
18.5303	3.14917	-0.00147024
18.5403	3.14915	-0.00147023
18.5503	3.14914	-0.00147023
18.5603	3.14912	-0.00147022
18.5703	3.14911	-0.00147021
18.5803	3.14909	-0.00147021
18.5903	3.14908	-0.0014702
18.6003	3.14906	-0.00147019
18.6103	3.14905	-0.00147019
18.6203	3.14903	-0.00147018
18.6303	3.14902	-0.00147017
18.6403	3.149	-0.00147016
18.6503	3.14899	-0.00147016
18.6603	3.14898	-0.00147015
18.6703	3.14896	-0.00147014
18.6803	3.14895	-0.00147014
18.6903	3.14893	-0.00147013
18.7003	3.14892	-0.00147012
18.7103	3.1489	-0.00147012
18.7203	3.14889	-0.00147011
18.7303	3.14887	-0.0014701
18.7403	3.14886	-0.0014701
18.7503	3.14884	-0.00147009
18.7603	3.14883	-0.00147008
18.7703	3.14881	-0.00147007
18.7803	3.1488	-0.00147007
18.7903	3.14878	-0.00147006
18.8003	3.14877	-0.00147005
18.8103	3.14875	-0.00147005
18.8203	3.14874	-0.00147004
18.8303	3.14872	-0.00147003
18.8403	3.14871	-0.00147003
18.8503	3.14869	-0.00147002
18.8603	3.14868	-0.00147001
18.8703	3.14866	-0.00147001
18.8803	3.14865	-0.00147
18.8903	3.14864	-0.00146999
18.9003	3.14862	-0.00146998
18.9103	3.14861	-0.00146998
18.9203	3.14859	-0.00146997
18.9303	3.14858	-0.00146996
18.9403	3.14856	-0.00146996
18.9503	3.14855	-0.00146995
18.9603	3.14853	-0.00146994
18.9703	3.14852	-0.00146994
18.9803	3.1485	-0.00146993
18.9903	3.14849	-0.00146992
19.0003	3.14847	-0.00146992
19.0103	3.14846	-0.00146991
19.0203	3.14844	-0.0014699
19.0303	3.14843	-0.0014699
19.0403	3.14841	-0.00146989
19.0503	3.1484	-0.00146988
19.0603	3.14838	-0.00146987
19.0703	3.14837	-0.00146987
19.0803	3.14835	-0.00146986
19.0903	3.14834	-0.00146985
19.1003	3.14832	-0.00146985
19.1103	3.14831	-0.00146984
19.1203	3.1483	-0.00146983
19.1303	3.14828	-0.00146983
19.1403	3.14827	-0.00146982
19.1503	3.14825	-0.00146981
19.1603	3.14824	-0.00146981
19.1703	3.14822	-0.0014698
19.1803	3.14821	-0.00146979
19.1903	3.14819	-0.00146978
19.2003	3.14818	-0.00146978
19.2103	3.14816	-0.00146977
19.2203	3.14815	-0.00146976
19.2303	3.14813	-0.00146976
19.2403	3.14812	-0.00146975
19.2503	3.1481	-0.00146974
19.2603	3.14809	-0.00146974
19.2703	3.14807	-0.00146973
19.2803	3.14806	-0.00146972
19.2903	3.14804	-0.00146972
19.3003	3.14803	-0.00146971
19.3103	3.14801	-0.0014697
19.3203	3.148	-0.0014697
19.3303	3.14798	-0.00146969
19.3403	3.14797	-0.00146968
19.3503	3.14796	-0.00146967
19.3603	3.14794	-0.00146967
19.3703	3.14793	-0.00146966
19.3803	3.14791	-0.00146965
19.3903	3.1479	-0.00146965
19.4003	3.14788	-0.00146964
19.4103	3.14787	-0.00146963
19.4203	3.14785	-0.00146963
19.4303	3.14784	-0.00146962
19.4403	3.14782	-0.00146961
19.4503	3.14781	-0.00146961
19.4604	3.14779	-0.0014696
19.4704	3.14778	-0.00146959
19.4804	3.14776	-0.00146958
19.4904	3.14775	-0.00146958
19.5004	3.14773	-0.00146957
19.5104	3.14772	-0.00146956
19.5204	3.1477	-0.00146956
19.5304	3.14769	-0.00146955
19.5404	3.14767	-0.00146954
19.5504	3.14766	-0.00146954
19.5604	3.14764	-0.00146953
19.5704	3.14763	-0.00146952
19.5804	3.14762	-0.00146952
19.5904	3.1476	-0.00146951
19.6004	3.14759	-0.0014695
19.6104	3.14757	-0.00146949
19.6204	3.14756	-0.00146949
19.6304	3.14754	-0.00146948
19.6404	3.14753	-0.00146947
19.6504	3.14751	-0.00146947
19.6604	3.1475	-0.00146946
19.6704	3.14748	-0.00146945
19.6804	3.14747	-0.00146945
19.6904	3.14745	-0.00146944
19.7004	3.14744	-0.00146943
19.7104	3.14742	-0.00146943
19.7204	3.14741	-0.00146942
19.7304	3.14739	-0.00146941
19.7404	3.14738	-0.00146941
19.7504	3.14736	-0.0014694
19.7604	3.14735	-0.00146939
19.7704	3.14733	-0.00146938
19.7804	3.14732	-0.00146938
19.7904	3.1473	-0.00146937
19.8004	3.14729	-0.00146936
19.8104	3.14728	-0.00146936
19.8204	3.14726	-0.00146935
19.8304	3.14725	-0.00146934
19.8404	3.14723	-0.00146934
19.8504	3.14722	-0.00146933
19.8604	3.1472	-0.00146932
19.8704	3.14719	-0.00146932
19.8804	3.14717	-0.00146931
19.8904	3.14716	-0.0014693
19.9004	3.14714	-0.00146929
19.9104	3.14713	-0.00146929
19.9204	3.14711	-0.00146928
19.9304	3.1471	-0.00146927
19.9404	3.14708	-0.00146927
19.9504	3.14707	-0.00146926
19.9604	3.14705	-0.00146925
19.9704	3.14704	-0.00146925
19.9804	3.14702	-0.00146924
19.9904	3.14701	-0.00146923
20.0004	3.14699	-0.00146923
