0 50000 700 0
1 41650 8195 855
2 34695 13742 2263
3 28907 17737 4056
4 24085 20510 6105
5 20067 22287 8346
6 16711 23310 10679
7 13903 23731 13066
8 11559 23707 15434
9 9609 23313 17778
10 7986 22658 20056
11 6615 21879 22206
12 5474 20936 24290
13 4515 19923 26262
14 3721 18843 28136
15 3078 17721 29901
16 2547 16598 31555
17 2107 15490 33103
18 1741 14405 34554
19 1449 13362 35889
20 1205 12361 37134
21 1005 11405 38290
22 836 10524 39340
23 698 9699 40303
24 584 8926 41190
25 485 8209 42006
26 404 7536 42760
27 338 6896 43466
28 284 6297 44119
29 236 5749 44715
30 196 5241 45263
31 165 4772 45763
32 140 4333 46227
33 121 3932 46647
34 105 3567 47028
35 89 3244 47367
36 75 2955 47670
37 63 2698 47939
38 53 2460 48187
39 43 2245 48412
40 35 2047 48618
41 30 1861 48809
42 25 1695 48980
43 21 1547 49132
44 17 1414 49269
45 13 1294 49393
46 10 1180 49510
47 7 1076 49617
48 4 983 49713
49 2 894 49804
50 1 808 49891
51 1 731 49968
52 1 661 50038
53 1 599 50100
54 1 544 50155
55 1 493 50206
56 1 447 50252
57 1 404 50295
58 1 367 50332
59 1 335 50364
60 1 305 50394
61 1 280 50419
62 1 257 50442
63 1 234 50465
64 1 214 50485
65 1 195 50504
66 1 179 50520
67 1 164 50535
68 1 151 50548
69 1 139 50560
70 1 127 50572
71 1 117 50582
72 1 108 50591
73 1 99 50600
74 1 90 50609
75 1 81 50618
76 1 73 50626
77 1 66 50633
78 1 60 50639
79 1 54 50645
80 1 49 50650
81 1 44 50655
82 1 39 50660
83 1 35 50664
84 1 31 50668
85 1 28 50671
86 1 25 50674
87 1 23 50676
88 1 21 50678
89 1 19 50680
90 1 17 50682
91 1 15 50684
92 1 13 50686
93 1 11 50688
94 1 9 50690
95 1 7 50692
96 1 5 50694
97 1 3 50696
98 1 2 50697
99 1 1 50698
100 1 0 50699
