0 0 0 0 7 1 0 5
0.01 1.2e-05 0.07 0.0012 7 1 0 5
0.02 3.6e-05 0.14 0.0024 7 1 0 5
0.03 7.2e-05 0.21 0.0036 7 1 0 5
0.04 0.00012 0.28 0.0048 7 1 0 5
0.05 0.00018 0.35 0.006 7 1 0 5
0.06 0.000252 0.42 0.0072 7 1 0 5
0.07 0.000336 0.49 0.0084 7 1 0 5
0.08 0.000432 0.56 0.0096 6.99999 1 0 5
0.09 0.00054 0.63 0.0108 6.99999 1 0 5
0.1 0.00066 0.7 0.012 6.99999 1 0 5
0.11 0.000792 0.77 0.0132 6.99999 1 0 5
0.12 0.000936 0.839999 0.0144 6.99999 1 0 5
0.13 0.001092 0.909999 0.0156 6.99998 1 0 5
0.14 0.00126 0.979999 0.0168 6.99998 1 0 5
0.15 0.00144 1.05 0.018 6.99998 1 0 5
0.16 0.001632 1.12 0.0192 6.99998 1 0 5
0.17 0.001836 1.19 0.0204 6.99997 1 0 5
0.18 0.002052 1.26 0.0216 6.99997 1 0 5
0.19 0.00228 1.33 0.0228 6.99997 1 0 5
0.2 0.00252 1.4 0.024 6.99996 1 0 5
0.21 0.002772 1.47 0.0252 6.99996 1 0 5
0.22 0.003036 1.54 0.0263999 6.99995 1 0 5
0.23 0.003312 1.61 0.0275999 6.99995 1 0 5
0.24 0.0036 1.68 0.0287999 6.99994 1 0 5
0.25 0.00389999 1.74999 0.0299999 6.99994 1 0 5
0.26 0.00421199 1.81999 0.0311999 6.99994 1 0 5
0.27 0.00453599 1.88999 0.0323999 6.99993 1 0 5
0.28 0.00487199 1.95999 0.0335999 6.99992 1 0 5
0.29 0.00521999 2.02999 0.0347999 6.99992 1 0 5
0.3 0.00557999 2.09999 0.0359999 6.99991 1 0 5
0.31 0.00595199 2.16999 0.0371999 6.99991 1 0 5
0.32 0.00633599 2.23999 0.0383998 6.9999 1 0 5
0.33 0.00673198 2.30999 0.0395998 6.99989 1 0 5
0.34 0.00713998 2.37999 0.0407998 6.99989 1 0 5
0.35 0.00755998 2.44999 0.0419998 6.99988 1 0 5
0.36 0.00799198 2.51998 0.0431998 6.99987 1 0 5
0.37 0.00843598 2.58998 0.0443997 6.99987 1 0 5
0.38 0.00889197 2.65998 0.0455997 6.99986 1 0 5
0.39 0.00935997 2.72998 0.0467997 6.99985 1 0 5
0.4 0.00983997 2.79998 0.0479997 6.99984 1 0 5
0.41 0.010332 2.86998 0.0491996 6.99984 1 0 5
0.42 0.010836 2.93998 0.0503996 6.99983 1 0 5
0.43 0.011352 3.00997 0.0515996 6.99982 1 0 5
0.44 0.01188 3.07997 0.0527996 6.99981 1 0 5
0.45 0.0124199 3.14997 0.0539995 6.9998 1 0 5
0.46 0.0129719 3.21997 0.0551995 6.99979 1 0 5
0.47 0.0135359 3.28997 0.0563995 6.99978 1 0 5
0.48 0.0141119 3.35996 0.0575994 6.99977 1 0 5
0.49 0.0146999 3.42996 0.0587994 6.99976 1 0 5
0.5 0.0152999 3.49996 0.0599993 6.99975 1 0 5
0.51 0.0159119 3.56996 0.0611993 6.99974 1 0 5
0.52 0.0165359 3.63995 0.0623993 6.99973 1 0 5
0.53 0.0171719 3.70995 0.0635992 6.99972 1 0 5
0.54 0.0178199 3.77995 0.0647992 6.99971 1 0 5
0.55 0.0184799 3.84994 0.0659991 6.9997 1 0 5
0.56 0.0191519 3.91994 0.0671991 6.99969 1 0 5
0.57 0.0198359 3.98994 0.068399 6.99968 1 0 5
0.58 0.0205318 4.05994 0.069599 6.99967 1 0 5
0.59 0.0212398 4.12993 0.0707989 6.99966 1 0 5
0.6 0.0219598 4.19993 0.0719989 6.99965 1 0 5
0.61 0.0226918 4.26992 0.0731988 6.99963 1 0 5
0.62 0.0234358 4.33992 0.0743987 6.99962 1 0 5
0.63 0.0241918 4.40992 0.0755987 6.99961 1 0 5
0.64 0.0249598 4.47991 0.0767986 6.9996 1 0 5
0.65 0.0257398 4.54991 0.0779985 6.99958 1 0 5
0.66 0.0265317 4.6199 0.0791985 6.99957 1 0 5
0.67 0.0273357 4.6899 0.0803984 6.99956 1 0 5
0.68 0.0281517 4.75989 0.0815983 6.99954 1 0 5
0.69 0.0289797 4.82989 0.0827983 6.99953 1 0 5
0.7 0.0298197 4.89989 0.0839982 6.99952 1 0 5
0.71 0.0306717 4.96988 0.0851981 6.9995 1 0 5
0.72 0.0315356 5.03988 0.086398 6.99949 1 0 5
0.73 0.0324116 5.10987 0.0875979 6.99947 1 0 5
0.74 0.0332996 5.17986 0.0887978 6.99946 1 0 5
0.75 0.0341996 5.24986 0.0899977 6.99944 1 0 5
0.76 0.0351116 5.31985 0.0911977 6.99943 1 0 5
0.77 0.0360355 5.38985 0.0923976 6.99941 1 0 5
0.78 0.0369715 5.45984 0.0935975 6.9994 1 0 5
0.79 0.0379195 5.52984 0.0947974 6.99938 1 0 5
0.8 0.0388795 5.59983 0.0959973 6.99937 1 0 5
0.81 0.0398514 5.66982 0.0971972 6.99935 1 0 5
0.82 0.0408354 5.73982 0.098397 6.99934 1 0 5
0.83 0.0418314 5.80981 0.0995969 6.99932 1 0 5
0.839999 0.0428393 5.8798 0.100797 6.9993 1 0 5
0.849999 0.0438593 5.94979 0.101997 6.99929 1 0 5
0.859999 0.0448913 6.01979 0.103197 6.99927 1 0 5
0.869999 0.0459352 6.08978 0.104396 6.99925 1 0 5
0.879999 0.0469912 6.15977 0.105596 6.99923 1 0 5
0.889999 0.0480592 6.22976 0.106796 6.99922 1 0 5
0.899999 0.0491391 6.29976 0.107996 6.9992 1 0 5
0.909999 0.0502311 6.36975 0.109196 6.99918 1 0 5
0.919999 0.051335 6.43974 0.110396 6.99916 1 0 5
0.929999 0.052451 6.50973 0.111596 6.99914 1 0 5
0.939999 0.0535789 6.57972 0.112796 6.99913 1 0 5
0.949999 0.0547189 6.64971 0.113995 6.99911 1 0 5
0.959999 0.0558708 6.7197 0.115195 6.99909 1 0 5
0.969999 0.0570348 6.7897 0.116395 6.99907 1 0 5
0.979999 0.0582107 6.85969 0.117595 6.99905 1 0 5
0.989999 0.0593987 6.92968 0.118795 6.99903 1 0 5
0.999999 0.0605986 6.99967 0.119995 6.99901 1 0 5
1.01 0.0618106 7.06966 0.121194 6.99899 1 0 5
1.02 0.0630345 7.13965 0.122394 6.99897 1 0 5
1.03 0.0642705 7.20964 0.123594 6.99895 1 0 5
1.04 0.0655184 7.27962 0.124794 6.99893 1 0 5
1.05 0.0667783 7.34961 0.125994 6.99891 1 0 5
1.06 0.0680503 7.4196 0.127194 6.99889 1 0 5
1.07 0.0693342 7.48959 0.128393 6.99887 1 0 5
1.08 0.0706301 7.55958 0.129593 6.99884 1 0 5
1.09 0.0719381 7.62957 0.130793 6.99882 1 0 5
1.1 0.073258 7.69956 0.131993 6.9988 1 0 5
1.11 0.0745899 7.76954 0.133193 6.99878 1 0 5
1.12 0.0759339 7.83953 0.134392 6.99876 1 0 5
1.13 0.0772898 7.90952 0.135592 6.99873 1 0 5
1.14 0.0786577 7.97951 0.136792 6.99871 1 0 5
1.15 0.0800376 8.04949 0.137992 6.99869 1 0 5
1.16 0.0814295 8.11948 0.139192 6.99867 1 0 5
1.17 0.0828334 8.18947 0.140391 6.99864 1 0 5
1.18 0.0842493 8.25945 0.141591 6.99862 1 0 5
1.19 0.0856773 8.32944 0.142791 6.9986 1 0 5
1.2 0.0871172 8.39942 0.143991 6.99857 1 0 5
1.21 0.0885691 8.46941 0.14519 6.99855 1 0 5
1.22 0.090033 8.53939 0.14639 6.99852 1 0 5
1.23 0.0915089 8.60938 0.14759 6.9985 1 0 5
1.24 0.0929968 8.67936 0.14879 6.99848 1 0 5
1.25 0.0944967 8.74935 0.149989 6.99845 1 0 5
1.26 0.0960086 8.81933 0.151189 6.99843 1 0 5
1.27 0.0975324 8.88932 0.152389 6.9984 1 0 5
1.28 0.0990683 8.9593 0.153589 6.99837 1 0 5
1.29 0.100616 9.02928 0.154788 6.99835 1 0 5
1.3 0.102176 9.09927 0.155988 6.99832 1 0 5
1.31 0.103748 9.16925 0.157188 6.9983 1 0 5
1.32 0.105332 9.23923 0.158387 6.99827 1 0 5
1.33 0.106928 9.30922 0.159587 6.99824 1 0 5
1.34 0.108536 9.3792 0.160787 6.99822 1 0 5
1.35 0.110155 9.44918 0.161987 6.99819 1 0 5
1.36 0.111787 9.51916 0.163186 6.99816 1 0 5
1.37 0.113431 9.58914 0.164386 6.99814 1 0 5
1.38 0.115087 9.65912 0.165586 6.99811 1 0 5
1.39 0.116755 9.7291 0.166785 6.99808 1 0 5
1.4 0.118435 9.79909 0.167985 6.99805 1 0 5
1.41 0.120127 9.86907 0.169185 6.99803 1 0 5
1.42 0.12183 9.93905 0.170384 6.998 1 0 5
1.43 0.123546 10.009 0.171584 6.99797 1 0 5
1.44 0.125274 10.079 0.172784 6.99794 1 0 5
1.45 0.127014 10.149 0.173983 6.99791 1 0 5
1.46 0.128766 10.219 0.175183 6.99788 1 0 5
1.47 0.13053 10.2889 0.176383 6.99785 1 0 5
1.48 0.132305 10.3589 0.177582 6.99782 1 0 5
1.49 0.134093 10.4289 0.178782 6.9978 1 0 5
1.5 0.135893 10.4989 0.179982 6.99777 1 0 5
1.51 0.137705 10.5689 0.181181 6.99774 1 0 5
1.52 0.139529 10.6388 0.182381 6.99771 1 0 5
1.53 0.141364 10.7088 0.18358 6.99767 1 0 5
1.54 0.143212 10.7788 0.18478 6.99764 1 0 5
1.55 0.145072 10.8488 0.18598 6.99761 1 0 5
1.56 0.146944 10.9187 0.187179 6.99758 1 0 5
1.57 0.148828 10.9887 0.188379 6.99755 1 0 5
1.58 0.150723 11.0587 0.189578 6.99752 1 0 5
1.59 0.152631 11.1287 0.190778 6.99749 1 0 5
1.6 0.154551 11.1986 0.191978 6.99746 1 0 5
1.61 0.156483 11.2686 0.193177 6.99742 1 0 5
1.62 0.158427 11.3386 0.194377 6.99739 1 0 5
1.63 0.160382 11.4086 0.195576 6.99736 1 0 5
1.64 0.16235 11.4785 0.196776 6.99733 1 0 5
1.65 0.16433 11.5485 0.197975 6.99729 1 0 5
1.66 0.166322 11.6185 0.199175 6.99726 1 0 5
1.67 0.168325 11.6884 0.200375 6.99723 1 0 5
1.68 0.170341 11.7584 0.201574 6.99719 1 0 5
1.69 0.172369 11.8284 0.202774 6.99716 1 0 5
1.7 0.174409 11.8984 0.203973 6.99713 1 0 5
1.71 0.17646 11.9683 0.205173 6.99709 1 0 5
1.72 0.178524 12.0383 0.206372 6.99706 1 0 5
1.73 0.1806 12.1083 0.207572 6.99703 1 0 5
1.74 0.182687 12.1782 0.208771 6.99699 1 0 5
1.75 0.184787 12.2482 0.209971 6.99696 1 0 5
1.76 0.186899 12.3182 0.21117 6.99692 1 0 5
1.77 0.189023 12.3882 0.21237 6.99689 1 0 5
1.78 0.191158 12.4581 0.213569 6.99685 1 0 5
1.79 0.193306 12.5281 0.214769 6.99681 1 0 5
1.8 0.195466 12.5981 0.215968 6.99678 1 0 5
1.81 0.197637 12.668 0.217168 6.99674 1 0 5
1.82 0.199821 12.738 0.218367 6.99671 1 0 5
1.83 0.202017 12.808 0.219566 6.99667 1 0 5
1.84 0.204224 12.8779 0.220766 6.99663 1 0 5
1.85 0.206444 12.9479 0.221965 6.9966 1 0 5
1.86 0.208676 13.0179 0.223165 6.99656 1 0 5
1.87 0.210919 13.0878 0.224364 6.99652 1 0 5
1.88 0.213175 13.1578 0.225564 6.99649 1 0 5
1.89 0.215442 13.2278 0.226763 6.99645 1 0 5
1.9 0.217722 13.2977 0.227962 6.99641 1 0 5
1.91 0.220014 13.3677 0.229162 6.99637 1 0 5
1.92 0.222317 13.4376 0.230361 6.99633 1 0 5
1.93 0.224633 13.5076 0.231561 6.99629 1 0 5
1.94 0.226961 13.5776 0.23276 6.99626 1 0 5
1.95 0.2293 13.6475 0.233959 6.99622 1 0 5
1.96 0.231652 13.7175 0.235159 6.99618 1 0 5
1.97 0.234015 13.7875 0.236358 6.99614 1 0 5
1.98 0.236391 13.8574 0.237558 6.9961 1 0 5
1.99 0.238778 13.9274 0.238757 6.99606 1 0 5
2 0.241178 13.9973 0.239956 6.99602 1 0 5
2.01 0.24359 14.0673 0.241156 6.99598 1 0 5
2.02 0.246013 14.1373 0.242355 6.99594 1 0 5
2.03 0.248449 14.2072 0.243554 6.9959 1 0 5
2.04 0.250896 14.2772 0.244754 6.99586 1 0 5
2.05 0.253356 14.3471 0.245953 6.99582 1 0 5
2.06 0.255827 14.4171 0.247152 6.99578 1 0 5
2.07 0.258311 14.487 0.248351 6.99574 1 0 5
2.08 0.260806 14.557 0.249551 6.9957 1 0 5
2.09 0.263314 14.627 0.25075 6.99565 1 0 5
2.1 0.265833 14.6969 0.251949 6.99561 1 0 5
2.11 0.268365 14.7669 0.253149 6.99557 1 0 5
2.12 0.270908 14.8368 0.254348 6.99553 1 0 5
2.13 0.273464 14.9068 0.255547 6.99549 1 0 5
2.14 0.276031 14.9767 0.256746 6.99544 1 0 5
2.15 0.278611 15.0467 0.257946 6.9954 1 0 5
2.16 0.281202 15.1166 0.259145 6.99536 1 0 5
2.17 0.283805 15.1866 0.260344 6.99531 1 0 5
2.18 0.286421 15.2565 0.261543 6.99527 1 0 5
2.19 0.289048 15.3265 0.262742 6.99523 1 0 5
2.2 0.291688 15.3965 0.263942 6.99518 1 0 5
2.21 0.294339 15.4664 0.265141 6.99514 1 0 5
2.22 0.297003 15.5364 0.26634 6.99509 1 0 5
2.23 0.299678 15.6063 0.267539 6.99505 1 0 5
2.24 0.302365 15.6763 0.268738 6.99501 1 0 5
2.25 0.305065 15.7462 0.269938 6.99496 1 0 5
2.26 0.307776 15.8162 0.271137 6.99492 1 0 5
2.27 0.310499 15.8861 0.272336 6.99487 1 0 5
2.28 0.313235 15.956 0.273535 6.99483 1 0 5
2.29 0.315982 16.026 0.274734 6.99478 1 0 5
2.3 0.318741 16.0959 0.275933 6.99473 1 0 5
2.31 0.321513 16.1659 0.277132 6.99469 1 0 5
2.32 0.324296 16.2358 0.278332 6.99464 1 0 5
2.33 0.327091 16.3058 0.279531 6.9946 1 0 5
2.34 0.329899 16.3757 0.28073 6.99455 1 0 5
2.35 0.332718 16.4457 0.281929 6.9945 1 0 5
2.36 0.335549 16.5156 0.283128 6.99445 1 0 5
2.37 0.338392 16.5856 0.284327 6.99441 1 0 5
2.38 0.341248 16.6555 0.285526 6.99436 1 0 5
2.39 0.344115 16.7255 0.286725 6.99431 1 0 5
2.4 0.346994 16.7954 0.287924 6.99427 1 0 5
2.41 0.349885 16.8653 0.289123 6.99422 1 0 5
2.42 0.352789 16.9353 0.290322 6.99417 1 0 5
2.43 0.355704 17.0052 0.291521 6.99412 1 0 5
2.44 0.358631 17.0752 0.29272 6.99407 1 0 5
2.45 0.36157 17.1451 0.293919 6.99402 1 0 5
2.46 0.364522 17.215 0.295118 6.99397 1 0 5
2.47 0.367485 17.285 0.296317 6.99393 1 0 5
2.48 0.37046 17.3549 0.297516 6.99388 1 0 5
2.49 0.373447 17.4249 0.298715 6.99383 1 0 5
2.5 0.376446 17.4948 0.299914 6.99378 1 0 5
2.51 0.379457 17.5647 0.301113 6.99373 1 0 5
2.52 0.38248 17.6347 0.302312 6.99368 1 0 5
2.53 0.385516 17.7046 0.303511 6.99363 1 0 5
2.54 0.388563 17.7745 0.30471 6.99358 1 0 5
2.55 0.391622 17.8445 0.305909 6.99352 1 0 5
2.56 0.394693 17.9144 0.307108 6.99347 1 0 5
2.57 0.397776 17.9843 0.308307 6.99342 1 0 5
2.58 0.400871 18.0543 0.309506 6.99337 1 0 5
2.59 0.403978 18.1242 0.310705 6.99332 1 0 5
2.6 0.407097 18.1941 0.311904 6.99327 1 0 5
2.61 0.410228 18.2641 0.313102 6.99322 1 0 5
2.62 0.413371 18.334 0.314301 6.99316 1 0 5
2.63 0.416526 18.4039 0.3155 6.99311 1 0 5
2.64 0.419693 18.4739 0.316699 6.99306 1 0 5
2.65 0.422872 18.5438 0.317898 6.99301 1 0 5
2.66 0.426063 18.6137 0.319097 6.99295 1 0 5
2.67 0.429266 18.6837 0.320295 6.9929 1 0 5
2.68 0.432481 18.7536 0.321494 6.99285 1 0 5
2.69 0.435708 18.8235 0.322693 6.99279 1 0 5
2.7 0.438947 18.8934 0.323892 6.99274 1 0 5
2.71 0.442198 18.9634 0.325091 6.99268 1 0 5
2.72 0.445461 19.0333 0.326289 6.99263 1 0 5
2.73 0.448735 19.1032 0.327488 6.99258 1 0 5
2.74 0.452022 19.1731 0.328687 6.99252 1 0 5
2.75 0.455321 19.2431 0.329886 6.99247 1 0 5
2.76 0.458632 19.313 0.331084 6.99241 1 0 5
2.77 0.461955 19.3829 0.332283 6.99236 1 0 5
2.78 0.46529 19.4528 0.333482 6.9923 1 0 5
2.79 0.468636 19.5228 0.334681 6.99225 1 0 5
2.8 0.471995 19.5927 0.335879 6.99219 1 0 5
2.81 0.475366 19.6626 0.337078 6.99213 1 0 5
2.82 0.478749 19.7325 0.338277 6.99208 1 0 5
2.83 0.482144 19.8024 0.339475 6.99202 1 0 5
2.84 0.48555 19.8724 0.340674 6.99196 1 0 5
2.85 0.488969 19.9423 0.341873 6.99191 1 0 5
2.86 0.4924 20.0122 0.343071 6.99185 1 0 5
2.87 0.495842 20.0821 0.34427 6.99179 1 0 5
2.88 0.499297 20.152 0.345469 6.99174 1 0 5
2.89 0.502764 20.222 0.346667 6.99168 1 0 5
2.9 0.506242 20.2919 0.347866 6.99162 1 0 5
2.91 0.509733 20.3618 0.349064 6.99156 1 0 5
2.92 0.513236 20.4317 0.350263 6.9915 1 0 5
2.93 0.51675 20.5016 0.351462 6.99145 1 0 5
2.94 0.520277 20.5715 0.35266 6.99139 1 0 5
2.95 0.523816 20.6414 0.353859 6.99133 1 0 5
2.96 0.527366 20.7114 0.355057 6.99127 1 0 5
2.97 0.530929 20.7813 0.356256 6.99121 1 0 5
2.98 0.534503 20.8512 0.357454 6.99115 1 0 5
2.99 0.53809 20.9211 0.358653 6.99109 1 0 5
3 0.541688 20.991 0.359851 6.99103 1 0 5
3.01 0.545299 21.0609 0.36105 6.99097 1 0 5
3.02 0.548921 21.1308 0.362248 6.99091 1 0 5
3.03 0.552556 21.2007 0.363447 6.99085 1 0 5
3.04 0.556202 21.2706 0.364645 6.99079 1 0 5
3.05 0.559861 21.3405 0.365844 6.99073 1 0 5
3.06 0.563531 21.4105 0.367042 6.99067 1 0 5
3.07 0.567213 21.4804 0.368241 6.99061 1 0 5
3.08 0.570908 21.5503 0.369439 6.99055 1 0 5
3.09 0.574614 21.6202 0.370638 6.99049 1 0 5
3.1 0.578333 21.6901 0.371836 6.99042 1 0 5
3.11 0.582063 21.76 0.373034 6.99036 1 0 5
3.12 0.585805 21.8299 0.374233 6.9903 1 0 5
3.13 0.58956 21.8998 0.375431 6.99024 1 0 5
3.14 0.593326 21.9697 0.37663 6.99017 1 0 5
3.15 0.597104 22.0396 0.377828 6.99011 1 0 5
3.16 0.600894 22.1095 0.379026 6.99005 1 0 5
3.17 0.604697 22.1794 0.380225 6.98999 1 0 5
3.18 0.608511 22.2493 0.381423 6.98992 1 0 5
3.19 0.612337 22.3192 0.382621 6.98986 1 0 5
3.2 0.616175 22.3891 0.38382 6.98979 1 0 5
3.21 0.620025 22.459 0.385018 6.98973 1 0 5
3.22 0.623888 22.5289 0.386216 6.98967 1 0 5
3.23 0.627762 22.5988 0.387414 6.9896 1 0 5
3.24 0.631648 22.6687 0.388613 6.98954 1 0 5
3.25 0.635546 22.7386 0.389811 6.98947 1 0 5
3.26 0.639456 22.8085 0.391009 6.98941 1 0 5
3.27 0.643378 22.8783 0.392207 6.98934 1 0 5
3.28 0.647312 22.9482 0.393406 6.98928 1 0 5
3.29 0.651258 23.0181 0.394604 6.98921 1 0 5
3.3 0.655216 23.088 0.395802 6.98915 1 0 5
3.31 0.659186 23.1579 0.397 6.98908 1 0 5
3.32 0.663168 23.2278 0.398198 6.98901 1 0 5
3.33 0.667162 23.2977 0.399397 6.98895 1 0 5
3.34 0.671168 23.3676 0.400595 6.98888 1 0 5
3.35 0.675186 23.4375 0.401793 6.98881 1 0 5
3.36 0.679216 23.5074 0.402991 6.98875 1 0 5
3.37 0.683258 23.5772 0.404189 6.98868 1 0 5
3.38 0.687312 23.6471 0.405387 6.98861 1 0 5
3.39 0.691378 23.717 0.406585 6.98854 1 0 5
3.4 0.695456 23.7869 0.407784 6.98848 1 0 5
3.41 0.699545 23.8568 0.408982 6.98841 1 0 5
3.42 0.703647 23.9267 0.41018 6.98834 1 0 5
3.43 0.707761 23.9966 0.411378 6.98827 1 0 5
3.44 0.711887 24.0664 0.412576 6.9882 1 0 5
3.45 0.716025 24.1363 0.413774 6.98814 1 0 5
3.46 0.720174 24.2062 0.414972 6.98807 1 0 5
3.47 0.724336 24.2761 0.41617 6.988 1 0 5
3.48 0.72851 24.346 0.417368 6.98793 1 0 5
3.49 0.732695 24.4158 0.418566 6.98786 1 0 5
3.5 0.736893 24.4857 0.419764 6.98779 1 0 5
3.51 0.741103 24.5556 0.420962 6.98772 1 0 5
3.52 0.745324 24.6255 0.42216 6.98765 1 0 5
3.53 0.749558 24.6953 0.423358 6.98758 1 0 5
3.54 0.753803 24.7652 0.424556 6.98751 1 0 5
3.55 0.758061 24.8351 0.425754 6.98744 1 0 5
3.56 0.762331 24.905 0.426951 6.98737 1 0 5
3.57 0.766612 24.9748 0.428149 6.98729 1 0 5
3.58 0.770905 25.0447 0.429347 6.98722 1 0 5
3.59 0.775211 25.1146 0.430545 6.98715 1 0 5
3.6 0.779528 25.1845 0.431743 6.98708 1 0 5
3.61 0.783858 25.2543 0.432941 6.98701 1 0 5
3.62 0.788199 25.3242 0.434139 6.98694 1 0 5
3.63 0.792552 25.3941 0.435336 6.98686 1 0 5
3.64 0.796918 25.4639 0.436534 6.98679 1 0 5
3.65 0.801295 25.5338 0.437732 6.98672 1 0 5
3.66 0.805684 25.6037 0.43893 6.98665 1 0 5
3.67 0.810086 25.6735 0.440128 6.98657 1 0 5
3.68 0.814499 25.7434 0.441325 6.9865 1 0 5
3.69 0.818924 25.8133 0.442523 6.98643 1 0 5
3.7 0.823361 25.8831 0.443721 6.98635 1 0 5
3.71 0.82781 25.953 0.444919 6.98628 1 0 5
3.72 0.832272 26.0228 0.446116 6.9862 1 0 5
3.73 0.836745 26.0927 0.447314 6.98613 1 0 5
3.74 0.84123 26.1626 0.448512 6.98605 1 0 5
3.75 0.845727 26.2324 0.449709 6.98598 1 0 5
3.76 0.850236 26.3023 0.450907 6.9859 1 0 5
3.77 0.854757 26.3721 0.452105 6.98583 1 0 5
3.78 0.85929 26.442 0.453302 6.98575 1 0 5
3.79 0.863835 26.5119 0.4545 6.98568 1 0 5
3.8 0.868392 26.5817 0.455698 6.9856 1 0 5
3.81 0.872961 26.6516 0.456895 6.98553 1 0 5
3.82 0.877542 26.7214 0.458093 6.98545 1 0 5
3.83 0.882135 26.7913 0.45929 6.98537 1 0 5
3.84 0.88674 26.8611 0.460488 6.9853 1 0 5
3.85 0.891357 26.931 0.461685 6.98522 1 0 5
3.86 0.895985 27.0008 0.462883 6.98514 1 0 5
3.87 0.900626 27.0707 0.46408 6.98507 1 0 5
3.88 0.905279 27.1405 0.465278 6.98499 1 0 5
3.89 0.909944 27.2104 0.466475 6.98491 1 0 5
3.9 0.914621 27.2802 0.467673 6.98483 1 0 5
3.91 0.919309 27.3501 0.46887 6.98476 1 0 5
3.92 0.92401 27.4199 0.470068 6.98468 1 0 5
3.93 0.928723 27.4898 0.471265 6.9846 1 0 5
3.94 0.933447 27.5596 0.472463 6.98452 1 0 5
3.95 0.938184 27.6295 0.47366 6.98444 1 0 5
3.96 0.942932 27.6993 0.474858 6.98436 1 0 5
3.97 0.947693 27.7691 0.476055 6.98428 1 0 5
3.98 0.952466 27.839 0.477252 6.98421 1 0 5
3.99 0.95725 27.9088 0.47845 6.98413 1 0 5
4 0.962047 27.9787 0.479647 6.98405 1 0 5
4.01 0.966855 28.0485 0.480844 6.98397 1 0 5
4.02 0.971675 28.1184 0.482042 6.98389 1 0 5
4.03 0.976508 28.1882 0.483239 6.98381 1 0 5
4.04 0.981352 28.258 0.484436 6.98373 1 0 5
4.05 0.986208 28.3279 0.485634 6.98364 1 0 5
4.06 0.991077 28.3977 0.486831 6.98356 1 0 5
4.07 0.995957 28.4675 0.488028 6.98348 1 0 5
4.08 1.00085 28.5374 0.489225 6.9834 1 0 5
4.09 1.00575 28.6072 0.490423 6.98332 1 0 5
4.1 1.01067 28.677 0.49162 6.98324 1 0 5
4.11 1.0156 28.7469 0.492817 6.98316 1 0 5
4.12 1.02054 28.8167 0.494014 6.98307 1 0 5
4.13 1.02549 28.8865 0.495211 6.98299 1 0 5
4.14 1.03045 28.9564 0.496409 6.98291 1 0 5
4.15 1.03543 29.0262 0.497606 6.98283 1 0 5
4.16 1.04042 29.096 0.498803 6.98274 1 0 5
4.17 1.04542 29.1658 0.5 6.98266 1 0 5
4.18 1.05043 29.2357 0.501197 6.98258 1 0 5
4.19 1.05545 29.3055 0.502394 6.98249 1 0 5
4.2 1.06049 29.3753 0.503591 6.98241 1 0 5
4.21 1.06554 29.4451 0.504788 6.98233 1 0 5
4.22 1.0706 29.515 0.505985 6.98224 1 0 5
4.23 1.07567 29.5848 0.507182 6.98216 1 0 5
4.24 1.08075 29.6546 0.50838 6.98207 1 0 5
4.25 1.08585 29.7244 0.509577 6.98199 1 0 5
4.26 1.09096 29.7942 0.510774 6.9819 1 0 5
4.27 1.09608 29.8641 0.511971 6.98182 1 0 5
4.28 1.10121 29.9339 0.513168 6.98173 1 0 5
4.29 1.10635 30.0037 0.514364 6.98165 1 0 5
4.3 1.11151 30.0735 0.515561 6.98156 1 0 5
4.31 1.11668 30.1433 0.516758 6.98147 1 0 5
4.32 1.12185 30.2131 0.517955 6.98139 1 0 5
4.33 1.12705 30.2829 0.519152 6.9813 1 0 5
4.34 1.13225 30.3528 0.520349 6.98122 1 0 5
4.35 1.13747 30.4226 0.521546 6.98113 1 0 5
4.36 1.14269 30.4924 0.522743 6.98104 1 0 5
4.37001 1.14793 30.5622 0.52394 6.98096 1 0 5
4.38001 1.15318 30.632 0.525136 6.98087 1 0 5
4.39001 1.15845 30.7018 0.526333 6.98078 1 0 5
4.40001 1.16372 30.7716 0.52753 6.98069 1 0 5
4.41001 1.16901 30.8414 0.528727 6.9806 1 0 5
4.42001 1.17431 30.9112 0.529924 6.98052 1 0 5
4.43001 1.17962 30.981 0.53112 6.98043 1 0 5
4.44001 1.18494 31.0508 0.532317 6.98034 1 0 5
4.45001 1.19028 31.1206 0.533514 6.98025 1 0 5
4.46001 1.19563 31.1904 0.53471 6.98016 1 0 5
4.47001 1.20098 31.2602 0.535907 6.98007 1 0 5
4.48001 1.20636 31.33 0.537104 6.97998 1 0 5
4.49001 1.21174 31.3998 0.538301 6.97989 1 0 5
4.50001 1.21713 31.4696 0.539497 6.9798 1 0 5
4.51001 1.22254 31.5394 0.540694 6.97971 1 0 5
4.52001 1.22796 31.6092 0.54189 6.97962 1 0 5
4.53001 1.23339 31.679 0.543087 6.97953 1 0 5
4.54001 1.23883 31.7488 0.544284 6.97944 1 0 5
4.55001 1.24429 31.8186 0.54548 6.97935 1 0 5
4.56001 1.24975 31.8884 0.546677 6.97926 1 0 5
4.57001 1.25523 31.9582 0.547873 6.97917 1 0 5
4.58001 1.26072 32.028 0.54907 6.97908 1 0 5
4.59001 1.26623 32.0978 0.550266 6.97899 1 0 5
4.60001 1.27174 32.1676 0.551463 6.9789 1 0 5
4.61001 1.27727 32.2374 0.552659 6.9788 1 0 5
4.62001 1.28281 32.3071 0.553856 6.97871 1 0 5
4.63001 1.28836 32.3769 0.555052 6.97862 1 0 5
4.64001 1.29392 32.4467 0.556249 6.97853 1 0 5
4.65001 1.29949 32.5165 0.557445 6.97844 1 0 5
4.66001 1.30508 32.5863 0.558641 6.97834 1 0 5
4.67001 1.31068 32.6561 0.559838 6.97825 1 0 5
4.68001 1.31629 32.7258 0.561034 6.97816 1 0 5
4.69001 1.32191 32.7956 0.562231 6.97806 1 0 5
4.70001 1.32755 32.8654 0.563427 6.97797 1 0 5
4.71001 1.33319 32.9352 0.564623 6.97787 1 0 5
4.72001 1.33885 33.005 0.56582 6.97778 1 0 5
4.73001 1.34452 33.0747 0.567016 6.97769 1 0 5
4.74001 1.3502 33.1445 0.568212 6.97759 1 0 5
4.75001 1.3559 33.2143 0.569408 6.9775 1 0 5
4.76001 1.3616 33.2841 0.570605 6.9774 1 0 5
4.77001 1.36732 33.3538 0.571801 6.97731 1 0 5
4.78001 1.37305 33.4236 0.572997 6.97721 1 0 5
4.79001 1.37879 33.4934 0.574193 6.97712 1 0 5
4.80001 1.38455 33.5632 0.57539 6.97702 1 0 5
4.81002 1.39031 33.6329 0.576586 6.97692 1 0 5
4.82002 1.39609 33.7027 0.577782 6.97683 1 0 5
4.83002 1.40188 33.7725 0.578978 6.97673 1 0 5
4.84002 1.40768 33.8422 0.580174 6.97664 1 0 5
4.85002 1.4135 33.912 0.58137 6.97654 1 0 5
4.86002 1.41932 33.9818 0.582566 6.97644 1 0 5
4.87002 1.42516 34.0515 0.583762 6.97634 1 0 5
4.88002 1.43101 34.1213 0.584958 6.97625 1 0 5
4.89002 1.43687 34.191 0.586154 6.97615 1 0 5
4.90002 1.44274 34.2608 0.58735 6.97605 1 0 5
4.91002 1.44863 34.3306 0.588547 6.97595 1 0 5
4.92002 1.45453 34.4003 0.589742 6.97586 1 0 5
4.93002 1.46044 34.4701 0.590938 6.97576 1 0 5
4.94002 1.46636 34.5398 0.592134 6.97566 1 0 5
4.95002 1.47229 34.6096 0.59333 6.97556 1 0 5
4.96002 1.47824 34.6793 0.594526 6.97546 1 0 5
4.97002 1.48419 34.7491 0.595722 6.97536 1 0 5
4.98002 1.49016 34.8189 0.596918 6.97526 1 0 5
4.99002 1.49614 34.8886 0.598114 6.97516 1 0 5
5.00002 1.50214 34.9584 0.59931 6.97506 1 0 5
